0
1
-0.4
1.076
-0.7408864
0.554322279
0.347551615
0.997187709
-0.287871172
1.183138576
-1.046104999
-0.177128364
0.64224426
0.369392725
1.001641899
-0.293783272
1.179660514
-1.036373482
-0.149799837
0.657671968
0.349514664
1.02627689
-0.369687556
1.116546622
-0.856253169
0.308526702
0.609859833
0.571857388
0.725128729
0.435420873
0.952110748
-0.138494565
1.258780182
-1.259886935
-0.844607069
-0.376671623
0.547983764
0.466597826
0.859596185
0.105511506
1.242293107
-1.128955577
-0.411669039
0.42405337
0.624749523
0.580779258
0.715198492
0.458121342
0.920734319
-0.049415957
1.272801584
-1.282858209
-0.922174782
-0.575426322
0.259785932
0.73288788
0.325961276
1.071115309
-0.508414824
0.959454706
-0.441299113
1.015193542
-0.575254832
0.841272692
-0.163412088
1.214996893
-1.115728056
-0.378289664
0.464937286
0.58387975
0.662199399
0.561252663
0.757653447
0.364721555
1.041065497
-0.407927849
1.079352467
-0.753380803
0.529190053
0.381926803
0.9545417
-0.16103176
1.250058792
-1.236015303
-0.763809724
-0.187572002
0.721600524
0.214738156
1.151922692
-0.793274795
0.464577946
0.459851826
0.843324201
0.142281557
1.224655602
-1.057009414
-0.19677978
0.628685981
0.387621578
0.978255112
-0.223489815
1.223549757
-1.162950555
-0.526370664
0.263222327
0.74508841
0.301747264
1.096054547
-0.591345618
0.839250869
-0.163482514
1.214358115
-1.113576639
-0.371766669
0.47243237
0.576000718
0.677242154
0.530680507
0.808902125
0.243152444
1.159898282
-0.810563901
0.428150111
0.500193305
0.778174354
0.302280537
1.105529374
-0.620389115
0.792823097
-0.066112582
1.231727706
-1.143848173
-0.46222579
0.357731795
0.682171411
0.455818571
0.913772625
-0.032227003
1.272677776
-1.277260311
-0.90214813
-0.522597842
0.347003654
0.674644497
0.46689782
0.897202344
0.013108481
1.268920138
-1.2502891
-0.807835924
-0.288725162
0.640942116
0.338252936
1.032101566
-0.38985122
1.096852907
-0.801276186
0.430194936
0.500522388
0.778326756
0.302047162
1.105772544
-0.621211937
0.791465784
-0.063348904
1.231821418
-1.14334228
-0.460577771
0.36001268
0.680373887
0.459931727
0.907960095
-0.016168631
1.272022034
-1.270106667
-0.876832713
-0.45740185
0.444047153
0.586730421
0.651260525
0.582222747
0.720801499
0.447290103
0.936144639
-0.092726469
1.268805915
-1.281633769
-0.918977391
-0.566817355
0.274512103
0.724455141
0.347584279
1.048195779
-0.433924863
1.050851632
-0.676182272
0.675144038
0.158998057
1.167150677
-0.859437566
0.316059102
0.602318032
0.586915914
0.698437003
0.493134829
0.869076358
0.090529246
1.249249145
-1.157714024
-0.501647721
0.300375183
0.723190333
0.357906593
1.037621119
-0.399948642
1.087343852
-0.775227908
0.484833524
0.438342664
0.87644805
0.056077142
1.258531911
-1.200640456
-0.640592934
0.065304833
0.80185151
0.119439268
1.220583419
-1.049921654
-0.177094647
0.641115984
0.371430019
0.999190433
-0.286305124
1.184998256
-1.05180075
-0.193299269
0.632149325
0.382552343
0.984759984
-0.242887413
1.212835982
-1.132225789
-0.430858538
0.400437551
0.646252113
0.535432754
0.792512106
0.281324214
1.126952993
-0.693635004
0.664504571
0.173716643
1.157102911
-0.822327011
0.400420476
0.528830717
0.728599445
0.415449203
0.976942577
-0.211548758
1.230428745
-1.183001484
-0.590160891
0.157493727
0.788225749
0.177428354
1.192394576
-0.937298247
0.127779167
0.695952004
0.360244881
1.027098677
-0.368830905
1.117678872
-0.859537757
0.300976445
0.615317125
0.560231704
0.745191751
0.390634468
1.009924122
-0.310735086
1.167798426
-1.002474954
-0.05659892
0.694772701
0.307227576
1.076287514
-0.529584464
0.930242668
-0.370367328
1.08703206
-0.765404376
0.505928215
0.412029985
0.914102272
-0.046207154
1.27124154
-1.276339221
-0.899286067
-0.515103369
0.358750106
0.665286695
0.487976091
0.866217077
0.095927993
1.246982071
-1.148171603
-0.471522621
0.344281504
0.692601558
0.431708766
0.946859026
-0.125646191
1.261955956
-1.267239827
-0.869668704
-0.439025064
0.469259179
0.560006633
0.701727353
0.4786122
0.889820713
0.035090399
1.265222343
-1.23057549
-0.740475748
-0.136798713
0.751657833
0.16797509
1.185995467
-0.918826819
0.173858829
0.682034305
0.400918538
0.979580348
-0.223133161
1.224170334
-1.164970158
-0.532766557
0.253132667
0.750463427
0.287466303
1.109447403
-0.636983064
0.764787828
-0.00995551
1.229297591
-1.118628249
-0.383071545
0.458970194
0.590163442
0.650081014
0.585401578
0.715251294
0.459402294
0.919104733
-0.044834226
1.272917269
-1.281895991
-0.918685084
-0.566143994
0.275667845
0.723766937
0.349326343
1.04628963
-0.427812882
1.057653482
-0.694427107
0.642175435
0.214326864
1.128342224
-0.718120586
0.616526622
0.252416719
1.095758107
-0.605235144
0.815894021
-0.113526818
1.226724533
-1.140852356
-0.454144377
0.368998332
0.67313301
0.47634823
0.884269212
0.048199614
1.26202828
-1.215341646
-0.68926896
-0.029730873
0.791981817
0.11295146
1.2197333
-1.048963615
-0.174534542
0.642663687
0.369416378
1.001743262
-0.294060475
1.17946279
-1.035803606
-0.148205917
0.658507927
0.34845246
1.027565615
-0.373711792
1.112744979
-0.845595482
0.332779086
0.591282667
0.610372457
0.65580845
0.580993125
0.724168319
0.440110282
0.946074612
-0.121046955
1.263309072
-1.270643823
-0.881357293
-0.468700097
0.428041119
0.602883091
0.619557105
0.643473518
0.606185696
0.678596519
0.53716518
0.799613953
0.266014091
1.140815291
-0.742239112
0.570958128
0.320937809
1.027085931
-0.380586369
1.105341401
-0.824667368
0.379495645
0.550976067
0.688844217
0.500983923
0.855274417
0.126203116
1.234284208
-1.094979574
-0.308287111
0.538448808
0.5016159
0.809268726
0.23360255
1.166382406
-0.834546319
0.374860141
0.552907929
0.684467993
0.509977372
0.841232711
0.162251749
1.215513931
-1.019788239
-0.091301093
0.682393283
0.320684842
1.06074371
-0.479042652
0.996948505
-0.535181647
0.898097398
-0.289765006
1.151879958
-0.944487913
0.096683601
0.70356682
0.335996303
1.053019124
-0.451590096
1.030398677
-0.621887036
0.767678724
-0.011628983
1.230114291
-1.12194233
-0.393222141
0.446944188
0.602370608
0.626092767
0.631922168
0.628771953
0.636080815
0.622193262
0.648850007
0.597249114
0.695265896
0.502422202
0.855180472
0.126859565
1.234023453
-1.093881566
-0.305000597
0.54160002
0.497837007
0.815501647
0.218290992
1.177939154
-0.877069614
0.276430195
0.629900002
0.527445441
0.799491831
0.263371569
1.142737132
-0.749175944
0.557050706
0.340819532
1.004494078
-0.310365833
1.166490493
-0.998089847
-0.044709532
0.697774527
0.304942134
1.079146771
-0.538898213
0.917168233
-0.33934606
1.113932423
-0.838987437
0.34871984
0.578056032
0.636807666
0.605683205
0.677449296
0.539192393
0.796214978
0.27421611
1.133592229
-0.716779044
0.620796592
0.245422515
1.101913883
-0.626273132
0.781468915
-0.042853071
1.231869735
-1.137360181
-0.441462534
0.385947109
0.659024001
0.507746446
0.836778165
0.172047157
1.209593136
-0.996747628
-0.028030226
0.699875741
0.305834459
1.079014119
-0.53822972
0.918136511
-0.341633431
1.112042192
-0.833783
0.36034093
0.56808128
0.656299403
0.567403915
0.746163736
0.390756725
1.010081976
-0.31114482
1.167489054
-1.001586414
-0.054198766
0.695411567
0.306704224
1.076928997
-0.531675223
0.927328739
-0.363416593
1.093298354
-0.782446785
0.470877347
0.454850298
0.851618893
0.121098455
1.234954898
-1.098829503
-0.319910318
0.527071493
0.515100802
0.786661077
0.288160331
1.119747396
-0.668919823
0.709488997
0.094599562
1.200317991
-0.988688723
-0.00841215
0.703294313
0.305004308
1.080749615
-0.54372633
0.910331234
-0.323302036
1.126765481
-0.87443124
0.267547654
0.637456182
0.511373759
0.825132485
0.200231062
1.191410276
-0.927172505
0.153914686
0.688682626
0.382177144
1.002121671
-0.291293838
1.181843561
-1.042844035
-0.167980087
0.647642556
0.362388741
1.010436927
-0.320659275
1.15917976
-0.977374583
0.010388422
0.706636538
0.304047251
1.082568338
-0.549521715
0.90200674
-0.303919137
1.141288443
-0.914730776
0.170961184
0.68466195
0.395021574
0.986939723
-0.245163552
1.211934683
-1.129849012
-0.423601901
0.409831298
0.63777306
0.553493123
0.762435427
0.352217045
1.055051042
-0.452720668
1.029576908
-0.619856253
0.770962589
-0.018093514
1.230830451
-1.126349094
-0.406878058
0.430325616
0.618684392
0.593219157
0.692932763
0.505747608
0.849786928
0.14073133
1.227208648
-1.066238094
-0.223446547
0.610228869
0.411635054
0.945847876
-0.128988969
1.260460947
-1.262963209
-0.85496821
-0.40224786
0.51698486
0.505142959
0.797858286
0.260333905
1.144474247
-0.755649651
0.543933321
0.359096264
0.982649819
-0.244112054
1.211367973
-1.127610928
-0.416698575
0.418623939
0.629646025
0.570551418
0.733153318
0.418646122
0.97457559
-0.204122776
1.234040126
-1.193233879
-0.623117888
0.098443572
0.799497042
0.134659344
1.214462718
-1.024489768
-0.105072182
0.677196841
0.32644456
1.053966581
-0.457250409
1.023480864
-0.603693432
0.796820195
-0.069999422
1.232186172
-1.146595694
-0.470898507
0.345577727
0.691536896
0.434160727
0.943567317
-0.116198776
1.264167177
-1.272225746
-0.886731534
-0.482477663
0.408081966
0.622113454
0.58058938
0.714716396
0.459029476
0.919423635
-0.045766906
1.272894637
-1.282095131
-0.919406704
-0.5680607
0.272407846
0.725693342
0.344439198
1.051614297
-0.444917923
1.038351547
-0.642918887
0.73282289
0.05528319
1.215568144
-1.052063319
-0.184901675
0.636516923
0.377314187
0.991642683
-0.263503039
1.200285413
-1.096010012
-0.321647501
0.526357036
0.515633329
0.785678288
0.290483478
1.117570575
-0.661404544
0.722832814
0.07009645
1.209970927
-1.028612567
-0.11827006
0.6718333
0.332615006
1.046664151
-0.43392368
1.050393581
-0.674834448
0.677555929
0.154834814
1.169703431
-0.86903812
0.293592873
0.618613079
0.552322864
0.758499159
0.360247496
1.045860187
-0.423278693
1.062927263
-0.708723722
0.61567314
0.256708102
1.092443272
-0.593792794
0.834107146
-0.152166462
1.217815659
-1.121954909
-0.396951247
0.442815119
0.606395305
0.618043163
0.647150299
0.599088035
0.691676027
0.509944395
0.843442208
0.157030657
1.218510584
-1.031566065
-0.124226789
0.668924968
0.336287106
1.042352865
-0.420213163
1.065495117
-0.71545573
0.603020872
0.27627544
1.074046895
-0.532124795
0.925794552
-0.359571213
1.096730326
-0.791815734
0.451258079
0.477367884
0.816345288
0.210222884
1.183032461
-0.89632526
0.230151179
0.656945031
0.46483787
0.894579565
0.019069723
1.267864754
-1.24475253
-0.788812979
-0.24454204
0.679634973
0.279972212
1.094152277
-0.592045223
0.837521119
-0.159631841
1.215581081
-1.116581863
-0.380782755
0.462031732
0.586902524
0.656373118
0.572914819
0.737387989
0.410636981
0.985144575
-0.235522672
1.217884072
-1.147195058
-0.47711388
0.337148766
0.697728829
0.419588904
0.962841862
-0.172013559
1.247428428
-1.230112824
-0.744220055
-0.144442734
0.747524799
0.174356526
1.181697162
-0.902664499
0.213784671
0.665215211
0.444619614
0.922803321
-0.058806473
1.271999515
-1.282817813
-0.922270303
-0.575660861
0.259379312
0.733113063
0.325377125
1.071715537
-0.51039073
0.956816484
-0.434814118
1.022356302
-0.593741606
0.813166158
-0.103857362
1.228848955
-1.145254864
-0.467597499
0.350317151
0.687909802
0.442587292
0.932136025
-0.083652408
1.269843992
-1.282600991
-0.922138227
-0.57525477
0.260073261
0.732730228
0.326370957
1.070693866
-0.507028209
0.961299513
-0.445843918
1.010102335
-0.562182593
0.860561726
-0.205447856
1.199076168
-1.074531476
-0.2567422
0.585357377
0.443276777
0.900515192
-0.002315621
1.270147051
-1.259277628
-0.839048088
-0.363385659
0.563416781
0.446570445
0.889829807
0.025455214
1.266041787
-1.236369965
-0.760242429
-0.180066961
0.726533517
0.206988581
1.157978073
-0.815181932
0.417063208
0.511927014
0.758221988
0.348717289
1.05722135
-0.46018859
1.020683452
-0.596569169
0.807952353
-0.092872557
1.230310269
-1.146990469
-0.47272891
0.343041189
0.693433167
0.429722976
0.94950338
-0.133262443
1.259988584
-1.262578457
-0.853749529
-0.399217098
0.520751134
0.50058043
0.805412267
0.242009641
1.159627547
-0.810027576
0.429285722
0.498991004
0.780196886
0.297507249
1.110144277
-0.636136269
0.76650619
-0.013385316
1.229701024
-1.121046045
-0.390531623
0.450165259
0.599132249
0.632506345
0.619649687
0.652199875
0.590384359
0.707684794
0.475970433
0.895138444
0.021009161
1.267923594
-1.244379589
-0.787495709
-0.241523165
0.682084472
0.276208132
1.097818037
-0.604423779
0.817886065
-0.117839796
1.225925115
-1.139401282
-0.449751859
0.374992188
0.668207645
0.487395616
0.867886012
0.091702103
1.248592818
-1.155067004
-0.493273852
0.312833168
0.715007417
0.378120102
1.014337489
-0.326996727
1.154603643
-0.96445242
0.044145234
0.707935952
0.311600934
1.076447587
-0.528754889
0.93151985
-0.37344739
1.084207821
-0.757743455
0.521417145
0.392050789
0.941239794
-0.122690052
1.26129795
-1.264028541
-0.858486027
-0.411006124
0.505957745
0.518307628
0.775687408
0.313124952
1.095440093
-0.586047111
0.847800325
-0.182085681
1.207922824
-1.097334273
-0.323422663
0.524356611
0.518043403
0.781590429
0.300175982
1.108329261
-0.629698456
0.777370575
-0.034936553
1.231502385
-1.133718339
-0.429993466
0.401032365
0.645844219
0.536349052
0.791014838
0.284918453
1.123654516
-0.682163725
0.685610068
0.137265252
1.179304571
-0.905883405
0.20491673
0.669447766
0.434050584
0.937074457
-0.099136778
1.267362996
-1.278433583
-0.907940496
-0.537628397
0.322955841
0.692690816
0.425137959
0.954768047
-0.148673444
1.255485104
-1.251342018
-0.815554052
-0.306582381
0.623743926
0.363346207
1.002294525
-0.29742818
1.176839427
-1.028159905
-0.126906078
0.669004815
0.335333758
1.043273224
-0.4231865
1.062260428
-0.706712053
0.619459432
0.250764401
1.097801931
-0.61200739
0.804966315
-0.090761293
1.229957237
-1.145141116
-0.466900275
0.351263452
0.6871895
0.444257864
0.92984578
-0.077181085
1.270614046
-1.283398401
-0.924771825
-0.58230362
0.247859945
0.739300541
0.309166578
1.087972601
-0.564408159
0.880412583
-0.25449929
1.173445931
-1.004115281
-0.059512716
0.693806947
0.308230874
1.075133304
-0.525807008
0.935477778
-0.382908244
1.075377121
-0.733882807
0.568595573
0.327213862
1.020682196
-0.360344844
1.12441689
-0.878142132
0.257738022
0.643556917
0.497489699
0.846572675
0.145887498
1.224175375
-1.05428124
-0.188859893
0.633780345
0.380993496
0.986915642
-0.24930543
1.209060216
-1.121348878
-0.397674563
0.442192255
0.606950044
0.616913978
0.649269015
0.594903838
0.699305897
0.493830919
0.868375201
0.09244359
1.248548416
-1.15468933
-0.492065902
0.314612808
0.713806523
0.38105619
1.010856609
-0.316246662
1.163240251
-0.989253034
-0.021098115
0.702600907
0.302563317
1.082617887
-0.550117091
0.901105027
-0.301821506
1.142796798
-0.918924783
0.160647181
0.688192042
0.385142554
0.998788911
-0.281068239
1.189037577
-1.063654973
-0.22719539
0.608638665
0.413223949
0.943535954
-0.12239695
1.262087367
-1.266729417
-0.867818573
-0.434371532
0.47550435
0.5531424
0.714298185
0.451632064
0.928729326
-0.072063807
1.271348329
-1.284476344
-0.928426771
-0.592109681
0.230640544
0.747894011
0.286108532
1.109766875
-0.638382963
0.762384133
-0.005236281
1.228676854
-1.11507642
-0.372150536
0.471582644
0.577008573
0.675360342
0.534546343
0.802572393
0.25859248
1.147153619
-0.764768252
0.525327415
0.384213074
0.950930664
-0.150712855
1.253479088
-1.244907612
-0.79366922
-0.255347446
0.670615988
0.293779641
1.080355728
-0.545902008
0.906894116
-0.315210314
1.132967676
-0.89162515
0.226896732
0.660437478
0.457420293
0.905204589
-0.009927399
1.271423402
-1.266102674
-0.862795353
-0.422012953
0.491828489
0.534742747
0.74721882
0.378752474
1.023330835
-0.352462655
1.133077358
-0.903148816
0.197974309
0.674183997
0.423058606
0.951685182
-0.141068977
1.257644916
-1.256659721
-0.83357764
-0.349790272
0.57863218
0.426321639
0.919139459
-0.054847791
1.271530245
-1.279959168
-0.912154587
-0.548824136
0.304662519
0.705405809
0.394762459
0.993449384
-0.263289612
1.200984827
-1.098297261
-0.328464176
0.519466621
0.523676949
0.771907421
0.322925592
1.085578913
-0.55299653
0.897546448
-0.293724435
1.148480273
-0.934727044
0.121343576
0.698967918
0.352424462
1.035806173
-0.396324861
1.090839099
-0.784799374
0.46497765
0.461874286
0.840834296
0.148759047
1.221269333
-1.043470584
-0.157982402
0.65201701
0.357428626
1.016747791
-0.340057912
1.143129201
-0.931459491
0.128275263
0.697525792
0.357323456
1.030505665
-0.379521659
1.107500334
-0.831036283
0.365380275
0.563785272
0.664618717
0.550730327
0.774760165
0.32486446
1.084676365
-0.549672606
0.902406946
-0.304975397
1.140508094
-0.912554817
0.176293618
0.682722339
0.400334376
0.980442045
-0.225672931
1.222833033
-1.161150756
-0.520729599
0.272031732
0.740179352
0.314597858
1.083493268
-0.549161369
0.902838487
-0.305912678
1.139835953
-0.910690203
0.180851483
0.681002777
0.40498475
0.974683127
-0.208514652
1.231535234
-1.185905041
-0.599458504
0.141137791
0.792274623
0.163562629
1.20022856
-0.967699246
0.049050006
0.706321962
0.316268002
1.07186096
-0.513559884
0.952317032
-0.423738787
1.034318727
-0.624862956
0.763660419
-0.003907017
1.229076755
-1.116053643
-0.375083
0.468221748
0.580550853
0.668611514
0.548307358
0.779686113
0.3134176
1.096383005
-0.588852692
0.843468411
-0.172670352
1.211299453
-1.105946015
-0.348973387
0.497720801
0.54849159
0.728136007
0.422292615
0.968777329
-0.187253533
1.241543759
-1.214179327
-0.691460886
-0.033619217
0.790979382
0.114006499
1.21909734
-1.046475704
-0.167426757
0.646812882
0.364058307
1.008490034
-0.314655516
1.163935679
-0.991041425
-0.025847644
0.701752232
0.302807034
1.08215673
-0.548646352
0.903229072
-0.306745764
1.139238572
-0.909034063
0.184891472
0.679430982
0.409190399
0.969417799
-0.192922097
1.23871883
-1.206070705
-0.664833513
0.019373749
0.800024467
0.109757317
1.223142004
-1.061579712
-0.210789476
0.619321002
0.399781252
0.962041231
-0.175798286
1.245345317
-1.223978427
-0.723768871
-0.100571459
0.768708873
0.142549899
1.202163999
-0.980512622
0.014682196
0.70554442
0.30749456
1.07928926
-0.538563062
0.917716537
-0.340654019
1.112851737
-0.836010789
0.355375866
0.572387954
0.647933602
0.583971254
0.716948686
0.455569791
0.924523237
-0.059969564
1.272322083
-1.284315745
-0.927557081
-0.589801717
0.234720385
0.745928362
0.291443345
1.104863596
-0.621579989
0.790552723
-0.061437048
1.231881502
-1.142975962
-0.45938722
0.361655946
0.679070802
0.462904769
0.903728086
-0.004542803
1.271089534
-1.263298885
-0.852966842
-0.397563073
0.522830992
0.498037934
0.8095908
0.231799211
1.167654016
-0.839242498
0.364237046
0.562491175
0.666316264
0.547179044
0.780728011
0.310802996
1.0989805
-0.597620497
0.829683788
-0.143011412
1.220271967
-1.127592565
-0.413969401
0.4218033
0.626723947
0.576644922
0.722490071
0.442204812
0.942983887
-0.112244612
1.265256772
-1.274897962
-0.895933708
-0.506245481
0.372421605
0.653949363
0.513016805
0.82772407
0.194727051
1.195231147
-0.941590376
0.117339933
0.698246763
0.35263402
1.035382976
-0.395034863
1.092141332
-0.788392224
0.457455181
0.470510994
0.827303721
0.182949272
1.201332506
-0.965594923
0.055076773
0.706074692
0.318564974
1.069745308
-0.506527542
0.961725382
-0.446840256
1.008984915
-0.559322858
0.864716592
-0.214625555
1.194925197
-1.063372384
-0.224587597
0.610372861
0.411046681
0.946568735
-0.131075314
1.259917587
-1.261671852
-0.85056693
-0.391351299
0.530411746
0.488723342
0.824732817
0.194359095
1.194534204
-0.939369023
0.122980435
0.697015431
0.356731415
1.030944405
-0.380965489
1.106094736
-0.827113438
0.374065126
0.555971363
0.679473719
0.520433059
0.824651319
0.204060201
1.189098604
-0.918319626
0.176094271
0.681091243
0.403388888
0.976515741
-0.213999522
1.228840609
-1.178268795
-0.574992112
0.183657061
0.780280484
0.202724431
1.176548072
-0.877154183
0.275805176
0.630357852
0.526450123
0.801097731
0.259474432
1.146071546
-0.761029655
0.532988873
0.373983109
0.96408795
-0.189056873
1.239186883
-1.206534846
-0.666260804
0.016574703
0.79973715
0.109561099
1.223116057
-1.061549714
-0.210708096
0.619378024
0.399706781
0.962141692
-0.176091256
1.245231125
-1.223668154
-0.722739912
-0.098394619
0.769623925
0.141232234
1.202962016
-0.983594986
0.00644587
0.704863335
0.306368511
1.08005267
-0.541208726
0.913946163
-0.331779241
1.120075398
-0.855930228
0.310359442
0.608368755
0.574950273
0.719715683
0.447298152
0.935808814
-0.091843945
1.26893321
-1.281821271
-0.919612116
-0.568507401
0.271635434
0.726147647
0.343284063
1.052862768
-0.448942791
1.033689348
-0.630601974
0.753384416
0.016196099
1.225648086
-1.098239692
-0.320888165
0.526371192
0.515840266
0.785383706
0.291193487
1.116904006
-0.659106337
0.726881572
0.06256855
1.212583719
-1.03973242
-0.149685792
0.656712103
0.351315161
1.024222351
-0.363249447
1.122536481
-0.873098245
0.269540181
0.636357854
0.51393021
0.821133392
0.210214997
1.184473535
-0.901104077
0.21855808
0.662794089
0.450553019
0.914640995
-0.036029504
1.272574923
-1.278034561
-0.904948796
-0.529915622
0.335380569
0.683553137
0.446471322
0.925994643
-0.066511113
1.271605173
-1.283724938
-0.925648049
-0.584671517
0.243728489
0.741433538
0.303505379
1.09346834
-0.582890601
0.852374469
-0.192026309
1.204088596
-1.087368978
-0.294093235
0.552702144
0.484100506
0.837716023
0.162754762
1.214230049
-1.01527003
-0.078813511
0.686722794
0.316132473
1.066101202
-0.49636074
0.974906783
-0.479528752
0.970545082
-0.462599484
0.991565929
-0.515264034
0.925773945
-0.354459565
1.101833967
-0.805991197
0.421079657
0.509971333
0.762224833
0.339610026
1.067198492
-0.492594662
0.980450246
-0.493574157
0.953073446
-0.419760837
1.039243209
-0.637965277
0.74197339
0.037876101
1.220583578
-1.07439115
-0.249867806
0.590275167
0.437244977
0.909426112
-0.026704702
1.271829436
-1.272581571
-0.885700567
-0.480026163
0.411694665
0.618702655
0.587598235
0.702230436
0.485900851
0.880129639
0.0612908
1.258779705
-1.199949643
-0.638196893
0.069801724
0.801719739
0.121084161
1.219989998
-1.047400586
-0.169870182
0.645381594
0.365914583
1.006163604
-0.307536902
1.169438557
-1.006882225
-0.068504973
0.691365229
0.310268277
1.072636603
-0.517688513
0.946589026
-0.409749651
1.04892402
-0.663263136
0.698792024
0.11738665
1.190346131
-0.948477481
0.097650494
0.702106889
0.339159431
1.049591299
-0.440550824
1.04315835
-0.655616327
0.711181629
0.095224069
1.200659816
-0.989650371
-0.010973056
0.702936318
0.30494083
1.080696421
-0.543584408
0.910531315
-0.323769507
1.126402023
-0.873424977
0.269900941
0.635987382
0.514698353
0.819916063
0.213242216
1.182313679
-0.893039225
0.238167425
0.652675022
0.47507167
0.879832179
0.058774974
1.259113357
-1.201880532
-0.644589532
0.057741909
0.801955361
0.116937211
1.221442573
-1.053609578
-0.187697628
0.634594568
0.379896341
0.988328649
-0.253542023
1.206501614
-1.11396721
-0.375341639
0.468575953
0.580008715
0.669598632
0.546295355
0.783065529
0.305420334
1.104325446
-0.615722466
0.800537816
-0.081921853
1.230765679
-1.145274375
-0.467085047
0.35098187
0.687410904
0.44374731
0.930546926
-0.079160422
1.270391157
-1.283199293
-0.92412325
-0.580565081
0.250884887
0.737709959
0.31336309
1.083837991
-0.550577781
0.900761147
-0.301092236
1.143309196
-0.920345954
0.157141414
0.68932542
0.381905075
1.002605545
-0.292733509
1.180811594
-1.03986248
-0.159596089
0.65238198
0.356278027
1.018006948
-0.343989998
1.139741319
-0.921811382
0.152291682
0.690986726
0.377239786
1.008062219
-0.309493276
1.168318143
-1.003802178
-0.060170894
0.693790596
0.308065185
1.075271357
-0.526272333
0.934833812
-0.381361658
1.076838744
-0.737822851
0.560916041
0.338175618
1.008166964
-0.321508193
1.157735564
-0.972944749
0.022050592
0.707435855
0.305963492
1.081171634
-0.544715897
0.908949919
-0.320080707
1.129252654
-0.88132039
0.251359915
0.647149353
0.489084775
0.859259322
0.113068217
1.239879607
-1.118301549
-0.378873814
0.463546021
0.585512976
0.659108183
0.567460858
0.7469159
0.389201552
1.012005783
-0.317057521
1.162866075
-0.988277767
-0.018510299
0.703036986
0.302481505
1.082818011
-0.550748332
0.900192188
-0.299708866
1.144302091
-0.923110845
0.150303543
0.69143913
0.375767765
1.00974976
-0.314702081
1.164272569
-0.992153485
-0.028834181
0.701189981
0.303015401
1.081811327
-0.547537427
0.904827271
-0.310458574
1.136509845
-0.90145405
0.203285787
0.671708629
0.42931626
0.943475157
-0.117408643
1.263743842
-1.27109049
-0.882816295
-0.472437601
0.42267891
0.608148275
0.609021619
0.663174216
0.566986428
0.748889212
0.384926857
1.017230604
-0.333183286
1.149753639
-0.950661787
0.079665124
0.705916319
0.326254548
1.062756053
-0.483354236
0.991742971
-0.52198204
0.916071541
-0.331456508
1.121012679
-0.85877415
0.303813546
0.613144016
0.564820245
0.737312531
0.408364397
0.987727686
-0.243339056
1.213418851
-1.134341148
-0.43739612
0.391856144
0.653809432
0.519103361
0.81888721
