0
0
0.3
-0.12
0.3228
-0.22226592
0.166296684
0.104265485
0.299156313
-0.086361352
0.354941573
-0.3138315
-0.053138509
0.192673278
0.110817818
0.30049257
-0.088134982
0.353898154
-0.310912045
-0.044939951
0.19730159
0.104854399
0.307883067
-0.110906267
0.334963987
-0.256875951
0.092558011
0.18295795
0.171557216
0.217538619
0.130626262
0.285633224
-0.041548369
0.377634055
-0.37796608
-0.253382121
-0.113001487
0.164395129
0.139979348
0.257878856
0.031653452
0.372687932
-0.338686673
-0.123500712
0.127216011
0.187424857
0.174233777
0.214559548
0.137436402
0.276220296
-0.014824787
0.381840475
-0.384857463
-0.276652435
-0.172627897
0.07793578
0.219866364
0.097788383
0.321334593
-0.152524447
0.287836412
-0.132389734
0.304558063
-0.17257645
0.252381807
-0.049023626
0.364499068
-0.334718417
-0.113486899
0.139481186
0.175163925
0.19865982
0.168375799
0.227296034
0.109416467
0.312319649
-0.122378355
0.32380574
-0.226014241
0.158757016
0.114578041
0.28636251
-0.048309528
0.375017637
-0.370804591
-0.229142917
-0.056271601
0.216480157
0.064421447
0.345576807
-0.237982439
0.139373384
0.137955548
0.25299726
0.042684467
0.367396681
-0.317102824
-0.059033934
0.188605794
0.116286473
0.293476533
-0.067046945
0.367064927
-0.348885167
-0.157911199
0.078966698
0.223526523
0.090524179
0.328816364
-0.177403685
0.251775261
-0.049044754
0.364307435
-0.334072992
-0.111530001
0.141729711
0.172800215
0.203172646
0.159204152
0.242670638
0.072945733
0.347969485
-0.24316917
0.128445033
0.150057992
0.233452306
0.090684161
0.331658812
-0.186116735
0.237846929
-0.019833775
0.369518312
-0.343154452
-0.138667737
0.107319539
0.204651423
0.136745571
0.274131788
-0.009668101
0.381803333
-0.383178093
-0.270644439
-0.156779353
0.104101096
0.202393349
0.140069346
0.269160703
0.003932544
0.380676041
-0.37508673
-0.242350777
-0.086617548
0.192282635
0.101475881
0.30963047
-0.116955366
0.329055872
-0.240382856
0.129058481
0.150156716
0.233498027
0.090614149
0.331731763
-0.186363581
0.237439735
-0.019004671
0.369546426
-0.343002684
-0.138173331
0.108003804
0.204112166
0.137979518
0.272388029
-0.004850589
0.38160661
-0.381032
-0.263049814
-0.137220555
0.133214146
0.176019126
0.195378157
0.174666824
0.21624045
0.134187031
0.280843392
-0.027817941
0.380641774
-0.384490131
-0.275693217
-0.170045207
0.082353631
0.217336542
0.104275284
0.314458734
-0.130177459
0.31525549
-0.202854682
0.202543212
0.047699417
0.350145203
-0.25783127
0.094817731
0.18069541
0.176074774
0.209531101
0.147940449
0.260722907
0.027158774
0.374774744
-0.347314207
-0.150494316
0.090112555
0.2169571
0.107371978
0.311286336
-0.119984593
0.326203156
-0.232568372
0.145450057
0.131502799
0.262934415
0.016823142
0.377559573
-0.360192137
-0.19217788
0.01959145
0.240555453
0.035831781
0.366175026
-0.314976496
-0.053128394
0.192334795
0.111429006
0.29975713
-0.085891537
0.355499477
-0.315540225
-0.057989781
0.189644797
0.114765703
0.295427995
-0.072866224
0.363850794
-0.339667737
-0.129257561
0.120131265
0.193875634
0.160629826
0.237753632
0.084397264
0.338085898
-0.208090501
0.199351371
0.052114993
0.347130873
-0.246698103
0.120126143
0.158649215
0.218579834
0.124634761
0.293082773
-0.063464627
0.369128624
-0.354900445
-0.177048267
0.047248118
0.236467725
0.053228506
0.357718373
-0.281189474
0.03833375
0.208785601
0.108073464
0.308129603
-0.110649272
0.335303662
-0.257861327
0.090292933
0.184595137
0.168069511
0.223557525
0.117190341
0.302977237
-0.093220526
0.350339528
-0.300742486
-0.016979676
0.20843181
0.092168273
0.322886254
-0.158875339
0.2790728
-0.111110198
0.326109618
-0.229621313
0.151778464
0.123608996
0.274230682
-0.013862146
0.381372462
-0.382901766
-0.26978582
-0.154531011
0.107625032
0.199586009
0.146392827
0.259865123
0.028778398
0.374094621
-0.344451481
-0.141456786
0.103284451
0.207780467
0.12951263
0.284057708
-0.037693857
0.378586787
-0.380171948
-0.260900611
-0.131707519
0.140777754
0.16800199
0.210518206
0.14358366
0.266946214
0.01052712
0.379566703
-0.369172647
-0.222142724
-0.041039614
0.22549735
0.050392527
0.35579864
-0.275648046
0.052157649
0.204610292
0.120275561
0.293874104
-0.066939948
0.3672511
-0.349491047
-0.159829967
0.0759398
0.225139028
0.086239891
0.332834221
-0.191094919
0.229436349
-0.002986653
0.368789277
-0.335588475
-0.114921463
0.137691058
0.177049033
0.195024304
0.175620473
0.214575388
0.137820688
0.27573142
-0.013450268
0.381875181
-0.384568797
-0.275605525
-0.169843198
0.082700354
0.217130081
0.104797903
0.313886889
-0.128343865
0.317296045
-0.208328132
0.19265263
0.064298059
0.338502667
-0.215436176
0.184957987
0.075725016
0.328727432
-0.181570543
0.244768206
-0.034058045
0.36801736
-0.342255707
-0.136243313
0.1106995
0.201939903
0.142904469
0.265280764
0.014459884
0.378608484
-0.364602494
-0.206780688
-0.008919262
0.237594545
0.033885438
0.36591999
-0.314689085
-0.052360363
0.192799106
0.110824913
0.300522979
-0.088218143
0.353838837
-0.310741082
-0.044461775
0.197552378
0.104535738
0.308269685
-0.112113538
0.333823494
-0.253678645
0.099833726
0.1773848
0.183111737
0.196742535
0.174297938
0.217250496
0.132033085
0.283822384
-0.036314086
0.378992722
-0.381193147
-0.264407188
-0.140610029
0.128412336
0.180864927
0.185867132
0.193042055
0.181855709
0.203578956
0.161149554
0.239884186
0.079804227
0.342244587
-0.222671734
0.171287438
0.096281343
0.308125779
-0.114175911
0.33160242
-0.24740021
0.113848694
0.16529282
0.206653265
0.150295177
0.256582325
0.037860935
0.370285262
-0.328493872
-0.092486133
0.161534642
0.15048477
0.242780618
0.070080765
0.349914722
-0.250363896
0.112458042
0.165872379
0.205340398
0.152993212
0.252369813
0.048675525
0.364654179
-0.305936472
-0.027390328
0.204717985
0.096205453
0.318223113
-0.143712796
0.299084552
-0.160554494
0.26942922
-0.086929502
0.345563987
-0.283346374
0.02900508
0.211070046
0.100798891
0.315905737
-0.135477029
0.309119603
-0.186566111
0.230303617
-0.003488695
0.369034287
-0.336582699
-0.117966642
0.134083256
0.180711182
0.18782783
0.189576651
0.188631586
0.190824244
0.186657979
0.194655002
0.179174734
0.208579769
0.150726661
0.256554142
0.038057869
0.370207036
-0.32816447
-0.091500179
0.162480006
0.149351102
0.244650494
0.065487297
0.353381746
-0.263120884
0.082929058
0.188970001
0.158233632
0.239847549
0.079011471
0.34282114
-0.224752783
0.167115212
0.102245859
0.301348223
-0.09310975
0.349947148
-0.299426954
-0.01341286
0.209332358
0.09148264
0.323744031
-0.161669464
0.27515047
-0.101803818
0.334179727
-0.251696231
0.104615952
0.17341681
0.1910423
0.181704962
0.203234789
0.161757718
0.238864493
0.082264833
0.340077669
-0.215033713
0.186238978
0.073626755
0.330574165
-0.18788194
0.234440675
-0.012855921
0.36956092
-0.341208054
-0.13243876
0.115784133
0.1977072
0.152323934
0.25103345
0.051614147
0.362877941
-0.299024288
-0.008409068
0.209962722
0.091750338
0.323704236
-0.161468916
0.275440953
-0.102490029
0.333612658
-0.2501349
0.108102279
0.170424384
0.196889821
0.170221175
0.223849121
0.117227017
0.303024593
-0.093343446
0.350246716
-0.300475924
-0.01625963
0.20862347
0.092011267
0.323078699
-0.159502567
0.278198622
-0.109024978
0.327989506
-0.234734035
0.141263204
0.136455089
0.255485668
0.036329537
0.370486469
-0.329648851
-0.095973095
0.158121448
0.154530241
0.235998323
0.086448099
0.335924219
-0.200675947
0.212846699
0.028379869
0.360095397
-0.296606617
-0.002523645
0.210988294
0.091501292
0.324224885
-0.163117899
0.27309937
-0.096990611
0.338029644
-0.262329372
0.080264296
0.191236855
0.153412128
0.247539746
0.060069319
0.357423083
-0.278151752
0.046174406
0.206604788
0.114653143
0.300636501
-0.087388152
0.354553068
-0.312853211
-0.050394026
0.194292767
0.108716622
0.303131078
-0.096197782
0.347753928
-0.293212375
0.003116527
0.211990961
0.091214175
0.324770502
-0.164856515
0.270602022
-0.091175741
0.342386533
-0.274419233
0.051288355
0.205398585
0.118506472
0.296081917
-0.073549066
0.363580405
-0.338954704
-0.12708057
0.122949389
0.191331918
0.166047937
0.228730628
0.105665114
0.316515313
-0.135816201
0.308873072
-0.185956876
0.231288777
-0.005428054
0.369249135
-0.337904728
-0.122063417
0.129097685
0.185605318
0.177965747
0.207879829
0.151724283
0.254936078
0.042219399
0.368162595
-0.319871428
-0.067033964
0.183068661
0.123490516
0.283754363
-0.038696691
0.378138284
-0.378888963
-0.256490463
-0.120674358
0.155095458
0.151542888
0.239357486
0.078100172
0.343342274
-0.226694895
0.163179996
0.107728879
0.294794946
-0.073233616
0.363410392
-0.338283278
-0.125009572
0.125587182
0.188893808
0.171165426
0.219945996
0.125593837
0.292372677
-0.061236833
0.370212038
-0.357970164
-0.186935367
0.029533072
0.239849113
0.040397803
0.364338815
-0.30734693
-0.031521655
0.203159052
0.097933368
0.316189974
-0.137175123
0.307044259
-0.18110803
0.239046059
-0.020999827
0.369655852
-0.343978708
-0.141269552
0.103673318
0.207461069
0.130248218
0.283070195
-0.034859633
0.379250153
-0.381667724
-0.26601946
-0.144743299
0.12242459
0.186634036
0.174176814
0.214414919
0.137708843
0.275827091
-0.013730072
0.381868391
-0.384628539
-0.275822011
-0.17041821
0.081722354
0.217708002
0.103331759
0.315484289
-0.133475377
0.311505464
-0.192875666
0.219846867
0.016584957
0.364670443
-0.315618996
-0.055470503
0.190955077
0.113194256
0.297492805
-0.079050912
0.360085624
-0.328803004
-0.09649425
0.157907111
0.154689999
0.235703486
0.087145043
0.335271173
-0.198421363
0.216849844
0.021028935
0.362991278
-0.30858377
-0.035481018
0.20154999
0.099784502
0.313999245
-0.130177104
0.315118074
-0.202450334
0.203266779
0.046450444
0.350911029
-0.260711436
0.088077862
0.185583924
0.165696859
0.227549748
0.108074249
0.313758056
-0.126983608
0.318878179
-0.212617117
0.184701942
0.077012431
0.327732982
-0.178137838
0.250232144
-0.045649939
0.365344698
-0.336586473
-0.119085374
0.132844536
0.181918592
0.185412949
0.19414509
0.179726411
0.207502808
0.152983318
0.253032662
0.047109197
0.365553175
-0.309469819
-0.037268037
0.20067749
0.100886132
0.31270586
-0.126063949
0.319648535
-0.214636719
0.180906262
0.082882632
0.322214069
-0.159637439
0.277738366
-0.107871364
0.329019098
-0.23754472
0.135377424
0.143210365
0.244903586
0.063066865
0.354909738
-0.268897578
0.069045354
0.197083509
0.139451361
0.26837387
0.005720917
0.380359426
-0.373425759
-0.236643894
-0.073362612
0.203890492
0.083991664
0.328245683
-0.177613567
0.251256336
-0.047889552
0.364674324
-0.334974559
-0.114234827
0.13860952
0.176070757
0.196911935
0.171874446
0.221216397
0.123191094
0.295543372
-0.070656802
0.365365221
-0.344158517
-0.143134164
0.10114463
0.209318649
0.125876671
0.288852558
-0.051604068
0.374228528
-0.369033847
-0.223266017
-0.04333282
0.22425744
0.052306958
0.354509149
-0.27079935
0.064135401
0.199564563
0.133385884
0.276840996
-0.017641942
0.381599854
-0.384845344
-0.276681091
-0.172698258
0.077813794
0.219933919
0.097613137
0.321514661
-0.153117219
0.287044945
-0.130444235
0.306706891
-0.178122482
0.243949847
-0.031157209
0.368654687
-0.343576459
-0.14027925
0.105095145
0.206372941
0.132776188
0.279640807
-0.025095723
0.380953198
-0.384780297
-0.276641468
-0.172576431
0.078021978
0.219819068
0.097911287
0.32120816
-0.152108463
0.288389854
-0.133753176
0.3030307
-0.168654778
0.258168518
-0.061634357
0.35972285
-0.322359443
-0.07702266
0.175607213
0.132983033
0.270154557
-0.000694686
0.381044115
-0.377783289
-0.251714426
-0.109015698
0.169025034
0.133971134
0.266948942
0.007636564
0.379812536
-0.370910989
-0.228072729
-0.054020088
0.217960055
0.062096574
0.347393422
-0.24455458
0.125118962
0.153578104
0.227466596
0.104615187
0.317166405
-0.138056577
0.306205036
-0.178970751
0.242385706
-0.027861767
0.369093081
-0.344097141
-0.141818673
0.102912357
0.20802995
0.128916893
0.284851014
-0.039978733
0.377996575
-0.378773537
-0.256124859
-0.119765129
0.15622534
0.150174129
0.24162368
0.072602892
0.347888264
-0.243008273
0.128785717
0.149697301
0.234059066
0.089252175
0.333043283
-0.190840881
0.229951857
-0.004015595
0.368910307
-0.336313814
-0.117159487
0.135049578
0.179739675
0.189751904
0.185894906
0.195659962
0.177115308
0.212305438
0.14279113
0.268541533
0.006302748
0.380377078
-0.373313877
-0.236248713
-0.07245695
0.204625342
0.08286244
0.329345411
-0.181327134
0.24536582
-0.035351939
0.367777535
-0.341820385
-0.134925558
0.112497656
0.200462294
0.146218685
0.260365804
0.027510631
0.374577845
-0.346520101
-0.147982156
0.093849951
0.214502225
0.113436031
0.304301247
-0.098099018
0.346381093
-0.289335726
0.01324357
0.212380786
0.09348028
0.322934276
-0.158626467
0.279455955
-0.112034217
0.325262346
-0.227323037
0.156425143
0.117615237
0.282371938
-0.036807016
0.378389385
-0.379208562
-0.257545808
-0.123301837
0.151787323
0.155492288
0.232706222
0.093937486
0.328632028
-0.175814133
0.254340098
-0.054625704
0.362376847
-0.329200282
-0.097026799
0.157306983
0.155413021
0.234477129
0.090052795
0.332498778
-0.188909537
0.233211173
-0.010480966
0.369450715
-0.340115502
-0.12899804
0.12030971
0.193753266
0.160904716
0.237304451
0.085475536
0.337096355
-0.204649118
0.20568302
0.041179575
0.353791371
-0.271765022
0.061475019
0.20083433
0.130215175
0.281122337
-0.029741034
0.380208899
-0.383530075
-0.272382149
-0.161288519
0.096886752
0.207807245
0.127541388
0.286430414
-0.044602033
0.376645531
-0.375402605
-0.244666216
-0.091974714
0.187123178
0.109003862
0.300688358
-0.089228454
0.353051828
-0.308447972
-0.038071824
0.200701444
0.100600127
0.312981967
-0.12695595
0.318678128
-0.212013616
0.18583783
0.07522932
0.329340579
-0.183602217
0.241489895
-0.027228388
0.368987171
-0.343542335
-0.140070082
0.105379036
0.20615685
0.133277359
0.278953734
-0.023154326
0.381184214
-0.38501952
-0.277431548
-0.174691086
0.074357983
0.221790162
0.092749973
0.32639178
-0.169322448
0.264123775
-0.076349787
0.352033779
-0.301234584
-0.017853815
0.208142084
0.092469262
0.322539991
-0.157742102
0.280643333
-0.114872473
0.322613136
-0.220164842
0.170578672
0.098164159
0.306204659
-0.108103453
0.337325067
-0.26344264
0.077321407
0.193067075
0.14924691
0.253971802
0.04376625
0.367252613
-0.316284372
-0.056657968
0.190134104
0.114298049
0.296074693
-0.074791629
0.362718065
-0.336404663
-0.119302369
0.132657677
0.182085013
0.185074193
0.194780704
0.178471152
0.209791769
0.148149276
0.26051256
0.027733077
0.374564525
-0.346406799
-0.147619771
0.094383842
0.214141957
0.114316857
0.303256983
-0.094873999
0.348972075
-0.29677591
-0.006329435
0.210780272
0.090768995
0.324785366
-0.165035127
0.270331508
-0.090546452
0.34283904
-0.275677435
0.048194154
0.206457613
0.115542766
0.299636673
-0.084320472
0.356711273
-0.319096492
-0.068158617
0.182591599
0.123967185
0.283060786
-0.036719085
0.37862621
-0.380018825
-0.260345572
-0.13031146
0.142651305
0.16594272
0.214289456
0.135489619
0.278618798
-0.021619142
0.381404499
-0.385342903
-0.278528031
-0.177632904
0.069192163
0.224368203
0.08583256
0.332930062
-0.191514889
0.22871524
-0.001570884
0.368603056
-0.334522926
-0.111645161
0.141474793
0.173102572
0.202608103
0.160363903
0.240771718
0.077577744
0.344146086
-0.229430476
0.157598225
0.115263922
0.285279199
-0.045213857
0.376043727
-0.373472284
-0.238100766
-0.076604234
0.201184797
0.088133892
0.324106719
-0.163770602
0.272068235
-0.094563094
0.339890303
-0.267487545
0.06806902
0.198131243
0.137226088
0.271561377
-0.00297822
0.381427021
-0.379830802
-0.258838606
-0.126603886
0.147548547
0.160422824
0.224165646
0.113625742
0.306999251
-0.105738796
0.339923208
-0.270944645
0.059392293
0.202255199
0.126917582
0.285505555
-0.042320693
0.377293475
-0.376997916
-0.250073292
-0.104937082
0.173589654
0.127896492
0.275741838
-0.016454337
0.381459074
-0.38398775
-0.273646376
-0.164647241
0.091398756
0.211621743
0.118428738
0.298034815
-0.078986884
0.360295448
-0.329489178
-0.098539253
0.155839986
0.157103085
0.231572226
0.096877678
0.325673674
-0.165898959
0.269263934
-0.08811733
0.344544082
-0.280418113
0.036403073
0.209690375
0.105727339
0.310741852
-0.118897458
0.32725173
-0.235439812
0.139493295
0.138562286
0.252250289
0.044627714
0.3663808
-0.313041175
-0.047394721
0.195605103
0.107228588
0.305024337
-0.102017374
0.34293876
-0.279437847
0.038482579
0.209257738
0.107197037
0.3091517
-0.113856498
0.3322501
-0.249310885
0.109614083
0.169135582
0.199385615
0.165219098
0.232428049
0.097459338
0.32540291
-0.164901782
0.270722084
-0.091492619
0.342152428
-0.273766445
0.052888085
0.204816702
0.120100313
0.294132613
-0.067701879
0.36684991
-0.348345227
-0.15621888
0.08160952
0.222053806
0.094379358
0.32504798
-0.164748411
0.270851546
-0.091773803
0.341950786
-0.273207061
0.054255445
0.204300833
0.121495425
0.292404938
-0.062554396
0.36946057
-0.355771512
-0.179837551
0.042341337
0.237682387
0.049068789
0.360068568
-0.290309774
0.014715002
0.211896589
0.094880401
0.321558288
-0.154067965
0.28569511
-0.127121636
0.310295618
-0.187458887
0.229098126
-0.001172105
0.368723027
-0.334816093
-0.1125249
0.140466524
0.174165256
0.200583454
0.164492207
0.233905834
0.09402528
0.328914902
-0.176655808
0.253040523
-0.051801106
0.363389836
-0.331783804
-0.104692016
0.14931624
0.164547477
0.218440802
0.126687784
0.290633199
-0.05617606
0.372463128
-0.364253798
-0.207438266
-0.010085765
0.237293815
0.03420195
0.365729202
-0.313942711
-0.050228027
0.194043865
0.109217492
0.30254701
-0.094396655
0.349180704
-0.297312427
-0.007754293
0.21052567
0.09084211
0.324647019
-0.164593906
0.270968722
-0.092023729
0.341771572
-0.272710219
0.055467442
0.203829295
0.12275712
0.29082534
-0.057876629
0.371615649
-0.361821211
-0.199450054
0.005812125
0.24000734
0.032927195
0.366942601
-0.318473914
-0.063236843
0.185796301
0.119934376
0.288612369
-0.052739486
0.373603595
-0.367193528
-0.217130661
-0.030171438
0.230612662
0.04276497
0.3606492
-0.294153787
0.004404659
0.211663326
0.092248368
0.323786778
-0.161568919
0.275314961
-0.102196206
0.333855521
-0.250803237
0.10661276
0.171716386
0.19438008
0.175191376
0.215084606
0.136670937
0.277356971
-0.017990869
0.381696625
-0.385294724
-0.278267124
-0.176940515
0.070416115
0.223778509
0.087433004
0.331459079
-0.186473997
0.237165817
-0.018431115
0.369564451
-0.342892789
-0.137816166
0.108496784
0.203721241
0.138871431
0.271118426
-0.001362841
0.38132686
-0.378989666
-0.255890053
-0.119268922
0.156849297
0.14941138
0.24287724
0.069539763
0.350296205
-0.251772749
0.109271114
0.168747352
0.199894879
0.164153713
0.234218403
0.093240899
0.32969415
-0.179286149
0.248905136
-0.042903424
0.36608159
-0.33827777
-0.12419082
0.12654099
0.188017184
0.172993477
0.216747021
0.132661444
0.282895166
-0.033673384
0.379577032
-0.382469389
-0.268780112
-0.151873644
0.111726482
0.196184809
0.153905042
0.248317221
0.058418115
0.358569344
-0.282477113
0.03520198
0.209474029
0.105790206
0.310614893
-0.118510459
0.3276424
-0.236517667
0.137236554
0.141153298
0.248191116
0.054884782
0.360399752
-0.289678477
0.016523032
0.211822408
0.095569492
0.320923592
-0.151958263
0.288517615
-0.134052077
0.302695474
-0.167796857
0.259414978
-0.064387667
0.358477559
-0.319011715
-0.067376279
0.183111858
0.123314004
0.283970621
-0.039322594
0.377975276
-0.378501556
-0.255170079
-0.11740539
0.159123524
0.146617003
0.247419845
0.058307728
0.358360261
-0.281810707
0.03689413
0.209104629
0.107019425
0.309283322
-0.114289647
0.331828421
-0.248134031
0.112219538
0.166791409
0.203842116
0.156129918
0.247395396
0.06121806
0.356729581
-0.275495888
0.052828281
0.204327373
0.121016666
0.292954722
-0.064199857
0.368652183
-0.353480639
-0.172497634
0.055097118
0.234084145
0.060817329
0.352964422
-0.263146255
0.082741553
0.189107356
0.157935037
0.240329319
0.07784233
0.343821464
-0.228308897
0.159896662
0.112194933
0.289226385
-0.056717062
0.371756065
-0.361960454
-0.199878241
0.004972411
0.239921145
0.03286833
0.366934817
-0.318464914
-0.063212429
0.185813407
0.119912034
0.288642508
-0.052827377
0.373569338
-0.367100446
-0.216821974
-0.029518386
0.230887177
0.04236967
0.360888605
-0.295078496
0.001933761
0.211459001
0.091910553
0.324015801
-0.162362618
0.274183849
-0.099533772
0.336022619
-0.256779069
0.093107833
0.182510627
0.172485082
0.215914705
0.134189446
0.280742644
-0.027553184
0.380679963
-0.384546381
-0.275883635
-0.17055222
0.08149063
0.217844294
0.102985219
0.31585883
-0.134682837
0.310106805
-0.189180592
0.226015325
0.00485883
0.367694426
-0.329471908
-0.096266449
0.157911358
0.15475208
0.235615112
0.087358046
0.335071202
-0.197731901
0.218064472
0.018770565
0.363775116
-0.311919726
-0.044905738
0.197013631
0.105394548
0.307266705
-0.108974834
0.336760944
-0.261929473
0.080862054
0.190907356
0.154179063
0.246340018
0.063064499
0.35534206
-0.270331223
0.065567424
0.198838227
0.135165906
0.274392299
-0.010808851
0.381772477
-0.383410368
-0.271484639
-0.158974687
0.100614171
0.205065941
0.133941397
0.277798393
-0.019953334
0.381481552
-0.385117481
-0.277694415
-0.175401455
0.073118547
0.222430061
0.091051614
0.328040502
-0.17486718
0.255712341
-0.057607893
0.361226579
-0.326210694
-0.08822797
0.165810643
0.145230152
0.251314807
0.048826429
0.364269015
-0.304581009
-0.023644053
0.206016838
0.094839742
0.319830361
-0.148908222
0.292472035
-0.143858626
0.291163525
-0.138779845
0.297469779
-0.15457921
0.277732183
-0.10633787
0.33055019
-0.241797359
0.126323897
0.1529914
0.22866745
0.101883008
0.320159548
-0.147778399
0.294135074
-0.148072247
0.285922034
-0.125928251
0.311772963
-0.191389583
0.222592017
0.01136283
0.366175074
-0.322317345
-0.074960342
0.17708255
0.131173493
0.272827834
-0.008011411
0.381548831
-0.381774471
-0.26571017
-0.144007849
0.1235084
0.185610796
0.176279471
0.210669131
0.145770255
0.264038892
0.01838724
0.377633911
-0.359984893
-0.191459068
0.020940517
0.240515922
0.036325248
0.365997
-0.314220176
-0.050961055
0.193614478
0.109774375
0.301849081
-0.092261071
0.350831567
-0.302064667
-0.020551492
0.207409569
0.093080483
0.321790981
-0.155306554
0.283976708
-0.122924895
0.314677206
-0.198978941
0.209637607
0.035215995
0.357103839
-0.284543244
0.029295148
0.210632067
0.101747829
0.31487739
-0.132165247
0.312947505
-0.196684898
0.213354489
0.028567221
0.360197945
-0.296895111
-0.003291917
0.210880895
0.091482249
0.324208926
-0.163075322
0.273159394
-0.097130852
0.337920607
-0.262027493
0.080970282
0.190796215
0.154409506
0.245974819
0.063972665
0.354694104
-0.267911767
0.071450227
0.195802507
0.142521501
0.263949654
0.017632492
0.377734007
-0.36056416
-0.19337686
0.017322573
0.240586608
0.035081163
0.366432772
-0.316082873
-0.056309288
0.19037837
0.113968902
0.296498595
-0.076062607
0.361950484
-0.334190163
-0.112602492
0.140572786
0.174002615
0.20087959
0.163888606
0.234919659
0.0916261
0.331297634
-0.18471674
0.240161345
-0.024576556
0.369229704
-0.343582312
-0.140125514
0.105294561
0.206223271
0.133124193
0.279164078
-0.023748127
0.381117347
-0.384959788
-0.277236975
-0.174169524
0.075265466
0.221312988
0.094008927
0.325151397
-0.165173334
0.270228344
-0.090327671
0.342992759
-0.276103786
0.047142424
0.206797626
0.114571523
0.300781664
-0.087820053
0.354243478
-0.311958744
-0.047878827
0.195714594
0.106883408
0.305402085
-0.103196999
0.341922396
-0.276543415
0.045687505
0.207296018
0.113171936
0.302418666
-0.092847983
0.350495443
-0.301140653
-0.018051268
0.208137179
0.092419556
0.322581407
-0.1578817
0.280450144
-0.114408497
0.323051623
-0.221346855
0.168274812
0.101452685
0.302450089
-0.096452458
0.347320669
-0.291883425
0.006615178
0.212230757
0.091789048
0.32435149
-0.163414769
0.272684976
-0.096024212
0.338775796
-0.264396117
0.075407975
0.194144806
0.146725433
0.257777797
0.033920465
0.371963882
-0.335490465
-0.113662144
0.139063806
0.175653893
0.197732455
0.170238257
0.22407477
0.116760466
0.303601735
-0.095117256
0.348859822
-0.29648333
-0.00555309
0.210911096
0.090744451
0.324845403
-0.1652245
0.270057657
-0.08991266
0.343290627
-0.276933253
0.045091063
0.207431739
0.11273033
0.302924928
-0.094410624
0.349281771
-0.297646045
-0.008650254
0.210356994
0.09090462
0.324543398
-0.164261228
0.271448181
-0.093137572
0.340952953
-0.270436215
0.060985736
0.201512589
0.128794878
0.283042547
-0.035222593
0.379123153
-0.381327147
-0.264844888
-0.14173128
0.126803673
0.182444482
0.182706486
0.198952265
0.170095928
0.224666763
0.115478057
0.305169181
-0.099954986
0.344926092
-0.285198536
0.023899537
0.211774896
0.097876364
0.318826816
-0.145006271
0.297522891
-0.156594612
0.274821462
-0.099436952
0.336303804
-0.257632245
0.091144064
0.183943205
0.169446074
0.221193759
0.122509319
0.296318306
-0.073001717
0.364025655
-0.340302344
-0.131218836
0.117556843
0.19614283
0.155731008
