0.1
0.3555
0.905023013
0.339527619
0.885782029
0.399630292
0.947707391
0.195754463
0.621866881
0.92883643
0.261092301
0.762046289
0.716260382
0.802764216
0.625418627
0.925367164
0.272797964
0.783597978
0.669810138
0.873599843
0.436171473
0.97140738
0.109711573
0.385816027
0.93599998
0.236620868
0.71349416
0.807459962
0.614100069
0.936075639
0.236360248
0.712951621
0.808373848
0.611877
0.938059971
0.229508675
0.69849605
0.831867307
0.552463158
0.976628088
0.090161382
0.324027612
0.865183189
0.460732893
0.981409473
0.072067433
0.264151187
0.767782583
0.704255328
0.822705055
0.576152717
0.964593017
0.134905649
0.460989154
0.981488708
0.071766066
0.263132005
0.765879534
0.708266891
0.816168364
0.592648385
0.953594293
0.174796257
0.569757977
0.968278608
0.121324826
0.421090193
0.962904308
0.141092428
0.478682152
0.98570492
0.055658386
0.207614094
0.649816403
0.89884243
0.359152629
0.909139972
0.326287709
0.868304958
0.451688258
0.978280603
0.083928275
0.303693063
0.835281167
0.543466829
0.980037008
0.077279662
0.281664687
0.799202281
0.633888081
0.916692228
0.30165197
0.832099333
0.55185463
0.976878835
0.089216979
0.320966374
0.860890495
0.473044301
0.984629892
0.059778779
0.222010843
0.682252012
0.856297606
0.486055464
0.986731922
0.051713542
0.193705045
0.616924431
0.933498276
0.245213018
0.731080195
0.776577676
0.685343916
0.851808149
0.498612554
0.987492396
0.048787096
0.183307316
0.591337688
0.954546836
0.171379337
0.560933417
0.972834119
0.104390189
0.369296867
0.920020929
0.290650555
0.8143826
0.597096145
0.950260738
0.18669781
0.599774864
0.948177658
0.194090309
0.617856082
0.932634279
0.248168944
0.736995421
0.765641023
0.708767646
0.815343477
0.594706043
0.952071524
0.180243783
0.583636049
0.959869795
0.152153099
0.509560008
0.987138995
0.05014762
0.188149703
0.6033601
0.945300925
0.204242992
0.641984778
0.907869275
0.330388487
0.873866141
0.435385228
0.971008479
0.111196502
0.390385767
0.940039644
0.222642193
0.683636955
0.854296002
0.491673655
0.987226154
0.049812164
0.186957105
0.600416376
0.947670378
0.195885368
0.622181447
0.928533191
0.262119251
0.763980359
0.712241761
0.809566068
0.608966957
0.940598499
0.220698202
0.679362498
0.860424923
0.474370807
0.984905421
0.058723595
0.218336781
0.674130032
0.867730991
0.453356979
0.978906493
0.081561857
0.295892604
0.822943676
0.57554416
0.964957666
0.133566758
0.457120384
0.980237287
0.076519985
0.279125474
0.794797053
0.644224056
0.905337715
0.33852028
0.884500985
0.403528022
0.950737972
0.18499936
0.595559656
0.951429991
0.182533305
0.589398846
0.955930993
0.166401372
0.547912225
0.978432454
0.083354429
0.301805549
0.832339891
0.551223277
0.977135895
0.088248285
0.317819073
0.856399935
0.485767393
0.98669986
0.051836823
0.194141579
0.617979973
0.932518868
0.248563345
0.737779454
0.764170679
0.711844717
0.810231173
0.607338647
0.941989739
0.215848029
0.668567747
0.875260413
0.43125951
0.968835243
0.119264385
0.414909545
0.958900477
0.15567089
0.519177983
0.98604721
0.054344534
0.202995261
0.639063332
0.91111249
0.319896757
0.859373147
0.477361219
0.985475568
0.056538218
0.210699508
0.65690564
0.89025345
0.385923867
0.936097212
0.236285925
0.712796802
0.808634208
0.611242457
0.938619208
0.227572103
0.694343011
0.838311637
0.535403683
0.982548988
0.067728574
0.249408586
0.739455576
0.761011057
0.718399251
0.79909198
0.63414875
0.916416246
0.302560165
0.83351917
0.548121604
0.978353029
0.083654599
0.302793203
0.833882443
0.547163932
0.978713476
0.082291962
0.29830398
0.826808927
0.565623906
0.970489337
0.113127147
0.396301112
0.945023836
0.205217453
0.644257838
0.905299221
0.338643537
0.884658163
0.403050486
0.950373127
0.186297985
0.59878463
0.948954308
0.191338117
0.611174975
0.938678494
0.227366657
0.693900689
0.838989965
0.533588924
0.983043548
0.065842278
0.242952936
0.726510887
0.784836632
0.667028967
0.877300231
0.425195917
0.965397179
0.131951589
0.452434449
0.978563198
0.0828602
0.300177829
0.829780845
0.557916146
0.974250594
0.099091178
0.352624859
0.901708243
0.350090426
0.898732123
0.359500142
0.90952617
0.325038848
0.866584952
0.456681119
0.980087724
0.077087319
0.281022214
0.798092481
0.636506447
0.91389566
0.310827011
0.846143642
0.514229087
0.986700256
0.051835301
0.194136191
0.617966955
0.932531
0.248521889
0.737697101
0.764325348
0.711521836
0.810771126
0.606014163
0.943105939
0.211945651
0.659747534
0.886698865
0.396832752
0.94545825
0.203689443
0.640690212
0.909314744
0.325722689
0.867528305
0.453945634
0.979122031
0.080746212
0.293193732
0.818563111
0.5866443
0.957846423
0.159487779
0.529503139
0.984061781
0.061952559
0.229552036
0.698588701
0.831721985
0.552844073
0.97646964
0.090757893
0.325957547
0.867851436
0.453007017
0.978777055
0.0820515
0.297510252
0.825541713
0.568889243
0.968754375
0.119563876
0.415810005
0.959502577
0.153486659
0.513217594
0.986809916
0.051413618
0.192642517
0.614348941
0.935851063
0.237133712
0.714560192
0.805657499
0.618465298
0.932065594
0.250111324
0.740844815
0.758375411
0.72380648
0.789647105
0.65611299
0.891233501
0.382898573
0.93333466
0.245773236
0.732206572
0.774516425
0.689830892
0.845158718
0.516918565
0.986369361
0.053107138
0.19863274
0.628752211
0.92202033
0.284000423
0.803209521
0.624352746
0.926418759
0.269259816
0.777197921
0.683987185
0.853787427
0.493096103
0.987311728
0.049482755
0.185785138
0.597512631
0.949940583
0.187836212
0.60258739
0.945929518
0.202030116
0.636795095
0.913584053
0.311845514
0.847661664
0.510068902
0.987099538
0.050299459
0.188689222
0.604688117
0.944209573
0.20807753
0.650886022
0.897571962
0.363149312
0.913523962
0.312041834
0.847953325
0.509267511
0.987160747
0.050063906
0.187852168
0.602626738
0.945897623
0.202142475
0.637059533
0.913298003
0.312779805
0.849046964
0.506256557
0.987345379
0.049353202
0.185323979
0.596367057
0.950817892
0.184714751
0.594851087
0.951962921
0.180631596
0.584615098
0.959219127
0.154515286
0.516029234
0.986485102
0.052662371
0.197061731
0.625002201
0.925779076
0.271413104
0.781104722
0.675371534
0.866017059
0.458324474
0.980639445
0.074993611
0.2740098
0.785767297
0.664931357
0.880050708
0.416967764
0.960267309
0.150708318
0.505581517
0.987376945
0.04923167
0.184891256
0.595290594
0.951632826
0.181809774
0.587582171
0.957200985
0.161820673
0.535757233
0.98244961
0.068107376
0.250701606
0.742008728
0.756155513
0.728318195
0.781589668
0.674293673
0.867505777
0.45401104
0.979145812
0.0806562
0.292895572
0.818075635
0.587870167
0.957001393
0.162541421
0.537680743
0.981891638
0.070232773
0.257935517
0.756048904
0.728533887
0.781200438
0.67515894
0.866311416
0.457472988
0.98035624
0.076068636
0.277614686
0.792151849
0.650356823
0.898201662
0.361169974
0.911368584
0.319064757
0.858186629
0.480724238
0.986032358
0.054401561
0.203196024
0.63953423
0.910594284
0.321578719
0.861755094
0.470576346
0.984080282
0.061881808
0.229307178
0.698065315
0.832542017
0.550692438
0.977349593
0.087442596
0.315195735
0.852597165
0.496417196
0.987449296
0.048953077
0.183898859
0.592816271
0.953471303
0.175236922
0.570889325
0.967650079
0.123648443
0.428020048
0.967034602
0.125920789
0.434755739
0.970685586
0.112397561
0.394069181
0.943175713
0.211701386
0.65919144
0.887399437
0.39469062
0.943694241
0.20988491
0.655041276
0.892550701
0.378820591
0.929496426
0.25885464
0.757803216
0.724973133
0.787579004
0.660828349
0.885330256
0.401006346
0.948791013
0.191917176
0.612585645
0.937431666
0.231681472
0.703120412
0.824531289
0.571483799
0.967315763
0.124883113
0.431684918
0.969065546
0.11841118
0.412340392
0.957147383
0.162014267
0.536274295
0.982302494
0.068668004
0.2526132
0.745759097
0.748929742
0.742734234
0.754766361
0.731121699
0.776501902
0.685509457
0.851565653
0.499286287
0.987497988
0.048765562
0.183230552
0.591145612
0.954685286
0.1708821
0.55964156
0.973449393
0.102090406
0.362088421
0.912372566
0.315798025
0.853475048
0.493968793
0.987356317
0.049311091
0.185174054
0.595994263
0.951101151
0.18370562
0.592333568
0.953824323
0.173971761
0.567637069
0.969429646
0.117061438
0.408264329
0.954259039
0.172412467
0.563611313
0.971516723
0.10930432
0.384559698
0.93486047
0.240540669
0.72158938
0.793547679
0.647127553
0.901996258
0.349176083
0.897645977
0.362916824
0.913272401
0.312863394
0.849170568
0.505915661
0.98736177
0.049290096
0.1850993
0.595808319
0.951242026
0.183203505
0.591077924
0.954734006
0.170707085
0.559186396
0.973663034
0.101291156
0.359573469
0.909607538
0.324775576
0.866220784
0.457735232
0.980444073
0.075735297
0.276497875
0.790184861
0.654881348
0.892746484
0.378213287
0.928913587
0.260830884
0.761552629
0.717281377
0.801015772
0.629588544
0.921166896
0.28684286
0.808027932
0.612719232
0.93731278
0.232092253
0.703990484
0.823132135
0.575063212
0.965243781
0.132515485
0.454072769
0.979168224
0.080571364
0.292614495
0.817615447
0.589025689
0.956193986
0.165453838
0.545411519
0.979354286
0.079866899
0.290278302
0.813766398
0.598625059
0.949078736
0.19089674
0.61009794
0.939619852
0.224100823
0.686824595
0.849631455
0.50464349
0.98741483
0.049085794
0.184371698
0.593996161
0.952600651
0.178352971
0.578845597
0.962944319
0.140946102
0.478267179
0.985634354
0.055929134
0.20856421
0.652007463
0.896230238
0.367356313
0.918002327
0.297332516
0.825257269
0.569620451
0.968354322
0.121044706
0.420251897
0.962378948
0.143012548
0.484111839
0.986502887
0.052594017
0.196820151
0.624423818
0.926348918
0.26949507
0.777626535
0.683047854
0.855149259
0.489282566
0.98704629
0.050504352
0.189416965
0.606475806
0.942718466
0.213301421
0.662825503
0.882777029
0.408752898
0.954612167
0.171144722
0.560324114
0.973125955
0.103299731
0.365884141
0.916451099
0.302445505
0.833340275
0.548592831
0.97817301
0.084334761
0.305028517
0.837345178
0.537983013
0.981801298
0.070576661
0.259102603
0.758275353
0.724010675
0.789285909
0.656938969
0.890212132
0.386051242
0.936211938
0.235890622
0.711972634
0.81001703
0.607863294
0.941543764
0.217404462
0.67205206
0.87057245
0.445070435
0.975581835
0.094096579
0.33670753
0.882175499
0.410570458
0.955909311
0.166479467
0.548118015
0.978354394
0.083649441
0.302776238
0.833856011
0.547233647
0.978687481
0.082390266
0.298628335
0.827325337
0.564289588
0.971174053
0.110580296
0.388491561
0.938385179
0.228382818
0.69608522
0.835624818
0.542556129
0.980346455
0.076105769
0.277739041
0.792370261
0.64985254
0.898799654
0.359287402
0.909289861
0.325803148
0.867639055
0.453624025
0.979004613
0.081190595
0.294664796
0.820957943
0.580594695
0.961842756
0.144970011
0.489617143
0.987074175
0.050397053
0.189035902
0.605540253
0.943501958
0.210558754
0.656583871
0.89065189
0.384694848
0.934983652
0.240117431
0.720721148
0.795064591
0.643600704
0.906046409
0.33624894
0.881583081
0.412357691
0.957159361
0.161971009
0.536158784
0.982335543
0.068542076
0.252184038
0.744919633
0.750556775
0.739524146
0.760881324
0.718666692
0.798630268
0.635238855
0.915256286
0.306370756
0.839405478
0.53247549
0.983334103
0.064733171
0.239144011
0.718718905
0.79854006
0.635451638
0.915028773
0.307116915
0.840544656
0.529415882
0.984082088
0.061874901
0.229283269
0.698014184
0.832622013
0.550482257
0.97743359
0.087125811
0.314162872
0.851085019
0.500620273
0.98749848
0.048763665
0.183223791
0.591128691
0.954697469
0.170838337
0.55952777
0.973502956
0.101890055
0.361458462
0.911684656
0.318037188
0.856713663
0.484883682
0.986597413
0.052230684
0.195535426
0.621340226
0.929342371
0.259377256
0.758797746
0.72294372
0.791169586
0.652620074
0.895493096
0.369661583
0.920396994
0.289402152
0.812311758
0.602222396
0.946224798
0.200989548
0.634341361
0.916211975
0.30323199
0.834565283
0.545360982
0.979372406
0.07979828
0.290050534
0.813388825
0.599560405
0.948346517
0.193492334
0.616409551
0.933972825
0.24358697
0.727796814
0.782529016
0.672200552
0.870370531
0.445661397
0.975836899
0.09313802
0.333630151
0.878168239
0.422605693
0.963839979
0.137667273
0.46892423
0.983685471
0.063391042
0.23452184
0.709109318
0.814779508
