1
1.595010443
3.39201239
7.026395653
11.71194098
10.50668178
3.289753165
-1.204645333
-2.227308426
-1.81840472
-1.240169029
-0.872427329
-0.715356562
-0.703469442
-0.801414517
-1.014030277
-1.383791045
-1.99491394
-2.976992359
-4.461499014
-6.343177641
-7.730687639
-7.155818628
-4.810170668
-2.517268698
-1.161808527
-0.558396675
-0.34292834
-0.29639798
-0.329696452
-0.422139625
-0.588450611
-0.872019597
-1.355109845
-2.180369499
-3.562900411
-5.674711941
-8.026074998
-8.575105204
-6.042214259
-2.793356107
-0.797946454
0.043543691
0.326941977
0.427847359
0.507617423
0.631691642
0.843014007
1.198023848
1.789507314
2.763416947
4.293785197
6.354121565
8.047506095
7.571161243
4.946015936
2.363486741
0.885396009
0.256345443
0.033463378
-0.039949963
-0.070838002
-0.097926753
-0.137555691
-0.203332153
-0.315921899
-0.512608396
-0.862874779
-1.496115415
-2.642842417
-4.637815051
-7.546782633
-9.667743182
-7.789131274
-3.534211422
-0.615714494
0.563953318
0.874329447
0.924709093
0.970411775
1.099768993
1.357991555
1.800854118
2.514367848
3.605167128
5.105501713
6.675244581
7.301176964
6.156274891
4.041871436
2.290499566
1.304829967
0.877156469
0.754281681
0.799233219
0.971327689
1.290797963
1.825375054
2.689818201
4.02093314
5.813419918
7.445529294
7.488949446
5.50326356
3.087507401
1.487766148
0.721382876
0.428729232
0.352280889
0.376823917
0.470105891
0.642974945
0.938151552
1.438146775
2.284359977
3.682546571
5.770201363
7.99456214
8.373522285
5.868196902
2.772766558
0.873073986
0.059633653
-0.222367519
-0.323417862
-0.395129194
-0.498629986
-0.672080726
-0.963890059
-1.454695788
-2.279023938
-3.63045393
-5.639177355
-7.806872803
-8.300230229
-6.01012961
-2.989441681
-1.054808989
-0.19480053
0.11358556
0.220925522
0.282817892
0.360543593
0.487319748
0.700464671
1.061343239
1.676889993
2.72340178
4.427821561
6.786703618
8.644907361
7.726079468
4.489151638
1.722618132
0.32184044
-0.204311928
-0.375370015
-0.454833789
-0.54816183
-0.704317682
-0.96874863
-1.411110091
-2.146201207
-3.342022049
-5.138817998
-7.238862485
-8.201958701
-6.589507259
-3.714334307
-1.580066348
-0.527375664
-0.118720712
0.019118207
0.067700932
0.096876449
0.132738589
0.190206348
0.287336918
0.45505902
0.750296214
1.2787779
2.23170265
3.912311425
6.551514797
9.223849257
8.788541358
4.880209213
1.398752626
-0.248557696
-0.764762326
-0.871464207
-0.913071332
-1.014077402
-1.226575003
-1.600895987
-2.213992369
-3.173081302
-4.561627006
-6.215937739
-7.325455669
-6.762840006
-4.759207457
-2.756773044
