1
1.12111097
2.009149261
6.158331742
18.50028414
28.9075297
26.42027188
23.67240013
21.94185285
20.18300832
18.39904452
16.71364232
15.16855025
13.77022231
12.51904765
11.42269544
10.512191
9.877512901
9.750747386
10.65694254
13.4127022
17.93940464
21.369814
21.52405684
19.94874308
18.12234061
16.41368644
14.85973898
13.45278872
12.18202999
11.03871409
10.01965029
9.135337563
8.432818749
8.061281761
8.445952617
10.59571937
15.69676973
21.59557762
23.16847674
21.48416948
19.39789325
17.53569671
15.87606706
14.3822583
13.0372658
11.83324837
10.77246805
9.87897716
9.231717298
9.050345377
9.878032905
12.69717546
17.75578862
21.85245218
22.08932758
20.35817825
18.43321232
16.67314892
15.08455277
13.64845986
12.34949677
11.17462294
10.11245774
9.153460216
8.291063516
7.525466527
6.876011327
6.42206557
6.435933088
7.758598887
12.26927855
20.28544304
24.67011915
23.21611792
20.8450958
18.86964116
17.14989837
15.59964784
14.2033005
12.96434097
11.90196337
11.06970272
10.60024577
10.79255689
12.19314239
15.27124071
19.05709268
20.99848125
20.49321665
18.95530746
17.27772372
15.69618427
14.25304767
12.95529866
11.80961285
10.83958287
10.11470076
9.816571559
10.37036137
12.53264565
16.66391825
20.67450942
21.66229115
20.38082142
18.57613061
16.8368046
15.24720725
13.80646019
12.50508657
11.33500179
10.2939833
9.394664233
8.688931911
8.336073336
8.776128017
11.00400481
16.03965726
21.56571957
22.91318678
21.25890197
19.2134702
17.36882929
15.71909592
14.23266036
12.89234558
11.68808236
10.61709232
9.69169025
8.962444155
8.582234375
8.966162859
11.0409033
15.78310363
21.18311727
22.75133565
21.24751805
19.23154064
17.38513977
15.72953677
14.23668902
12.88882913
11.67384533
10.58438302
9.621764017
8.808597134
8.225560501
8.115055679
9.127318223
12.53200149
18.60786129
22.93184653
22.56850009
20.51632141
18.52390724
16.75961677
15.17777166
13.75247828
12.47131578
11.33007657
10.3380481
9.536625896
9.049793885
9.208573795
10.76258123
14.68351882
19.93861405
22.40513084
21.44838749
19.5236433
17.65974737
15.97512772
14.4538039
13.07811712
11.83386221
10.70882055
9.692584861
8.777317315
7.960448581
7.253380293
6.709784586
6.517438779
7.272032698
10.49751029
17.65456001
23.95774581
23.85317643
21.49110804
19.39588798
17.60654152
16.00466061
14.55998276
13.27026453
12.14727172
11.22879211
10.61303824
10.53220024
11.45918052
14.00956622
17.89281308
20.74491667
20.92138937
19.55275477
