-0.424296632
0.598910173
-1.520455099
-1.777396571
-0.434630361
-0.310642706
-0.311467821
-1.790503171
-0.762610854
0.217123644
2.188625871
-1.117903542
0.533169726
-0.582868713
-0.178063488
1.455625984
-1.464195695
-0.5244839
1.855516787
-0.755343625
-0.711994642
1.551619251
0.149458087
-1.302229357
1.822720831
0.454213395
-1.59844882
-0.167290364
0.619505009
0.433742996
0.277787255
-0.959240697
0.681997867
0.481728541
-0.093869936
-0.197944836
-1.045185816
-0.498580602
0.884353187
0.436970334
-0.081506529
-2.134361524
0.983469186
0.542862318
0.206817292
1.198980025
-0.546222552
-1.274409596
-0.393565466
-0.267652139
-0.881971787
-1.038661654
-0.174067618
0.845498293
-0.561130589
0.759390538
0.200563387
-0.507436281
0.331503713
-1.888501262
1.080046374
-1.434103608
-2.016783309
-1.619363728
0.485812594
-0.331431873
0.016561534
1.528807271
-1.481295722
0.54987672
-0.306097865
-1.250361152
0.064808896
-1.595903959
0.101419003
0.184970419
-0.220560848
-0.104465428
-0.664084823
-0.641380822
0.091179366
-1.336980491
0.541350971
-1.422135748
1.022066705
-0.423489498
1.573491581
-0.648161336
1.066857093
0.088879453
0.841243817
0.385837814
-1.056027705
0.488816306
-0.942141023
0.013127157
1.078706979
0.391894344
-0.789637769
2.291873243
-0.865211734
-1.073147235
-0.872980633
-0.354382769
0.475353314
1.317031201
0.438012979
0.351251707
-1.688680454
1.116695509
-0.035466284
0.606031105
-0.271704943
0.456075859
-0.04951728
-1.348758134
0.592412437
1.237156791
0.238559716
0.55339534
1.575829202
0.531556814
0.278618314
1.421568689
-1.409797561
-0.632988121
1.293618077
-1.731006264
-1.200332526
-0.414617139
-0.429357232
1.026463111
0.234026769
0.305437504
1.004313913
0.527124911
-1.278025628
0.195881594
-0.070248154
-0.936909774
0.554386833
0.709411537
0.371952862
0.239043523
0.390750548
0.888948103
-2.040317572
-0.38145936
2.635533222
1.133990861
0.28912453
1.263275544
1.319403319
0.424225025
-0.761815846
1.510877017
1.22308229
0.158468796
-0.465764798
-1.201156869
0.682431334
1.280748768
0.48811951
1.721574493
1.970974738
-0.146496142
-1.173198905
0.033326521
-1.244664742
-0.299267676
-0.881393508
0.494279912
1.402508366
-0.439034955
-1.552613893
-0.291416343
-1.182202421
-1.227782061
-1.834110949
-0.00936549
-1.413312295
0.949732203
-0.464318185
0.02013852
-0.910610029
-1.265146503
0.190081294
-0.073704559
-1.196617492
1.08483445
0.645983738
0.338463089
1.132926747
0.314326627
-0.465605235
-0.368818758
-0.88672969
0.717642819
1.08086913
0.504104087
1.699827252
-1.241627843
-0.301082921
-0.166757845
-0.316360545
0.715289646
1.801746444
-2.207477837
-1.759542885
0.962668596
0.028831062
2.789451605
-0.323372561
-0.901689831
-1.864067569
0.659243039
-0.969053234
2.455004865
0.471965537
1.096877206
0.13798957
1.140650617
-0.285835156
0.989851583
-0.531355552
1.127340258
1.78035764
0.352778958
-0.138075634
-0.473651536
-1.357617262
0.952795695
0.116683423
-0.217450478
-0.029530373
-0.897840735
-0.732864474
1.733331295
1.187309012
1.209126527
-1.316027677
-1.173482483
1.736801048
0.088555008
0.488835909
-0.665035543
1.225943852
-0.058944833
0.460415621
0.182046964
2.067974444
0.659905521
-1.771596596
-0.517811235
0.163545416
-0.204225574
-1.379694821
-1.078935878
-1.145326041
-1.306017591
-0.740477545
-0.923233642
1.197066213
0.19497758
0.226333065
0.918938611
-1.064642773
-0.152034918
-0.946668677
-1.780274356
-0.596949717
1.821575535
0.620809648
1.029653407
-0.172871354
0.145574986
-0.536556879
0.587482503
-0.014662265
0.495824885
-0.165378106
-0.945759031
-1.067153736
1.848764642
-0.626787772
1.089848134
1.040049477
0.496644856
-0.623774266
-0.277207699
-1.195713728
-0.903106898
0.435091901
1.40943085
-0.256604856
-0.869282114
0.240966517
-1.418450265
0.434592103
0.258927209
0.258013883
0.643039249
0.084764416
1.884468054
-0.752555225
-0.101858735
0.740923105
1.029675483
0.288476661
-1.629031139
-1.724051492
2.800842604
-2.883161639
1.110857859
0.159204204
-1.875244115
0.844306854
0.719597825
0.526475337
0.670495319
-0.099230111
-0.003036923
0.999140459
0.411140166
0.203766632
-1.597574196
0.475282205
0.004472757
1.485119013
0.195064285
-0.174038716
0.329927795
-1.691271315
-0.91341006
-2.7637834
-0.123811906
-1.322715076
-1.07112379
-0.865815355
-1.079961223
-0.841678156
-0.696655209
-1.122272258
0.569144719
-0.231534983
0.060519329
0.118429431
-0.855733347
0.091641066
1.56210111
1.680258538
0.59682161
-0.970897666
0.899343357
0.855578214
-0.342116342
0.152939889
0.559434589
1.040529304
0.183153743
0.707284867
0.979644213
0.036330858
-0.28149652
0.558628274
0.402248854
0.593914736
-0.003609247
-2.328220965
-1.2597512
-0.699852527
0.826687141
0.059664893
-0.432382527
2.115252417
1.336868608
-0.893927351
-0.604590036
0.061430687
1.533076142
-0.305304968
1.337405035
0.937032332
0.558612958
-0.997077302
-1.143450689
-0.602042008
1.433671824
-1.366286761
-1.31234106
-0.276464351
-3.437015896
-0.498056567
-0.874126258
-0.5742749
0.719937753
1.066432743
-0.470150603
-2.12546095
-1.290544232
-0.890233756
0.107805516
0.930738074
-0.089630549
-0.707536368
-0.942223103
-0.760282269
1.705453568
1.880694858
1.024043102
1.041974825
-0.846343026
0.550881593
0.763983108
-0.668431811
0.900747736
0.003034768
-0.002486681
0.965314154
0.750524429
-0.445113664
1.188661847
-0.248388794
-1.010129987
-0.339959937
2.276437081
-1.207019818
0.535791116
-2.023451439
-0.707190604
-0.534899796
-0.644459768
0.886966538
-0.742203047
-0.244412811
-0.291525293
0.241008588
-0.870167431
0.337090079
-0.271399
1.5129501
0.656995571
0.509628483
0.346670259
-0.00118685
-1.184229215
0.853264328
0.382374963
-1.345832266
0.088999895
-0.823937184
-0.557602298
-1.290581865
0.940426914
0.366843681
-1.29365396
0.369346517
0.483457874
1.690573509
1.165949442
-0.90352554
0.567808061
-1.914046639
-0.681704568
1.331661142
0.431608676
1.526526113
0.377211535
1.312213754
0.736320203
-0.787090217
0.496695922
2.854686853
-0.07171275
0.231373712
0.31274444
-0.456472894
1.79091814
-0.364775519
0.005633245
-0.127002115
-0.701306016
-0.304995585
1.077060201
0.628039281
-0.253523604
1.421264339
-1.023829585
0.543846222
0.02489007
-0.766428465
-0.652561318
-0.16884294
0.02718315
-0.814601031
-0.983147875
1.11827493
1.390980957
-1.357870286
-0.896945056
-0.531689704
-0.066331089
-0.703017899
-2.091020377
-0.072084843
0.708489488
-0.550848755
0.928494495
1.093309457
-0.24272856
-0.365194022
-0.722702234
-1.26660427
0.757068332
-0.491738835
0.916493147
0.04132908
1.20972377
-0.48664576
-0.133986036
-1.982250396
0.150416799
-1.291839384
0.428565733
1.635790923
-1.162927324
-0.259774536
1.087450399
0.062278942
-1.070552175
-1.281498582
1.164388943
0.145793108
-0.673456567
2.510100861
1.593805057
-0.236370164
-0.270119534
0.891437858
0.351610024
-0.418289611
-0.489122652
-0.198058794
-0.375420977
-0.326275431
0.584348529
0.557254317
-0.220233641
-1.467357605
-0.380605342
1.460387453
1.033152468
0.652286358
0.557308805
0.17062194
0.279463124
0.294725888
-0.24925786
-0.14821054
0.282696231
0.412038052
2.612364854
2.019490513
-0.26842125
-0.907224316
-0.617143958
-0.646379963
1.191790275
1.738425244
-1.57955864
-0.704024557
-2.991444061
-0.625739778
-0.842631184
-0.760913435
-0.284716481
0.048746861
-1.854879762
-1.199648304
1.643242816
0.235501456
0.199538349
-0.575255014
0.454033414
-1.800484853
0.01038969
0.727040674
0.708905056
-1.996030179
1.090460779
-0.209163668
-1.42276864
-0.288517953
0.197952362
-0.01443457
-0.477900284
-0.426194271
-1.08245313
-0.415196517
0.285378735
0.376029559
1.427211042
0.440735233
0.492478441
0.583848317
0.238994366
-0.883107067
0.19007542
-0.015450201
1.84569649
0.975513953
-0.719262025
-0.554750852
-2.729891552
-0.757144206
-0.842825953
0.044228906
-1.116191767
-1.024376677
0.30446895
-0.251619685
0.125967019
0.209304543
-0.889731665
0.222134145
1.094915831
0.749057312
-1.627099379
-2.403665225
-0.011522514
0.326369235
0.211491567
-0.000696975
0.629170321
0.248414917
2.000362067
0.996688213
-1.724630824
-0.038147066
0.064236794
0.519404866
-1.849721046
-0.332682849
-1.508686252
0.383279462
-0.784957885
1.059740732
-0.12998761
-0.870369316
-1.629026157
0.088061932
0.664881108
0.555986538
1.167426157
-0.072342325
1.192793094
-0.471411967
-0.502424524
-1.051321882
-0.869919737
0.86312204
-0.321850939
0.205697324
0.60827824
-0.527922826
0.569241525
-0.251848329
0.822767964
-0.213090628
-0.984152691
0.156222273
0.489894883
0.607080551
0.928725798
-0.018908183
-0.974876111
0.672674633
-0.860998469
0.821406341
0.351216815
-0.078012431
-1.049743483
0.425340167
-0.192227539
0.056259102
-1.316802257
-1.013013927
-0.187586181
0.515445696
-1.221633166
1.090639023
-0.830117712
-1.385905367
0.648341797
0.850657312
-0.868473763
-0.474608264
0.949907692
2.595074776
0.396574668
0.794252351
-1.494417048
0.100949028
0.42896008
-0.783707945
1.214711508
-0.677455353
-1.646687491
-0.404612225
0.59602194
-0.157913792
0.719263943
-0.232656504
-0.745077104
1.012698578
1.568845831
1.345968179
1.328531708
2.64964763
0.523770874
1.020572054
1.285855696
0.244555236
0.507121713
0.667122949
-0.467918018
-1.45884204
-0.591812788
-0.217778554
-1.088766239
-0.254186781
0.660860292
-2.182111783
0.820446259
1.982127697
0.188639378
0.290193953
-0.226211995
0.647714693
0.682447688
0.370204231
-0.990048388
0.365556064
-0.911462868
0.50525166
0.461757979
-0.315769913
0.34813367
-0.806646293
-0.150777668
-1.353049179
-1.286123231
1.162371936
1.59791764
-0.634888167
-2.355815891
0.707324115
-0.322663506
0.550983218
-1.889021752
0.221891642
-1.467486239
-0.82725401
-0.240008754
0.375730975
0.01210814
0.875759518
-0.42187399
-0.731626065
0.636954032
1.03997951
-0.618503603
-1.298004409
0.463078972
1.38876959
-0.986153395
1.004208194
-0.557642641
0.419142771
-0.573959545
0.173140953
0.716241254
-0.601704483
0.457447549
-0.642563146
-1.480860626
1.971880494
-0.171383882
0.633908391
-1.144740851
-1.210482336
1.474448262
-1.099772082
-0.165405888
-0.544683488
0.153588994
1.711925565
0.162275911
1.187345447
-1.647535053
-0.330692307
2.00941703
-2.01863733
0.568665823
0.383494922
-0.11021167
0.118907649
-0.50130479
-1.237681321
0.988333269
-0.023870796
-1.038261379
-0.105043076
0.488254417
-1.568952168
0.284827311
-0.325659013
-0.015618729
-0.910430049
-1.883537763
1.550007559
-1.582555686
-0.193363159
0.588044317
1.142046474
-1.508400493
-0.639188772
-0.251658325
0.106272865
2.335625809
-0.800083298
1.536627895
-1.29646414
0.197456135
-0.548840855
0.131944017
1.344446798
-1.36938566
1.794184715
1.675289834
0.468346294
0.670395626
0.170568036
1.433137008
-0.989615305
-0.086404178
-0.905474683
0.154927428
-1.811197978
0.096628882
-0.873378501
1.522472687
0.308284148
0.346362077
-0.136836766
0.30732954
-1.234154048
0.848863302
-1.251476161
0.849498556
-0.415430957
-0.687751304
-0.082724152
0.358015611
-0.634805002
-0.354753153
-0.868619575
-0.9053057
0.349925272
-1.223110281
0.657151176
-0.532242275
-2.560840303
0.735125733
-2.064981859
0.182332468
0.3815102
0.782696953
-0.680548364
-1.379750406
0.036568034
0.67865094
0.157331998
0.830151763
1.639664395
-0.581139683
-0.766313805
-0.167522651
1.214976988
-0.830239865
1.747706542
0.407679866
0.523965701
-0.379837477
0.856805135
-1.534547749
-0.680680197
-0.297986388
-1.755357367
-0.341637126
1.892511576
-0.161753283
0.524620111
0.118042689
-0.369332907
-0.948432522
2.224802732
1.495581625
-0.743039345
0.998859727
-0.017972421
0.506699341
-1.074300431
-0.592905767
1.03108137
2.406186449
-2.0228511
0.65028256
-0.746562032
0.173372771
0.126006997
-0.877204812
-1.295496487
1.094086455
-0.272039904
1.1410189
-0.801018087
-0.004361811
0.489482336
-0.561347937
-0.933389188
-0.410578143
-2.190525526
-1.096014833
0.127554624
-0.70431697
1.378053133
0.692142593
-0.33666212
-0.292434506
2.017485302
0.232617265
0.412656263
-0.401024572
1.080642782
-0.17383186
-0.477992451
0.632070636
0.776173423
1.098281776
1.017634557
-0.149669283
0.469074404
0.538480473
1.17398649
1.213192162
-0.252307716
1.909153065
-0.697883096
0.703576731
-0.070220551
-0.984495957
0.11073391
0.253707668
0.247350909
1.560400635
0.007302316
1.199875292
-0.009820719
-0.196126105
-0.225444693
0.069323425
1.059975201
0.491325946
0.287391458
-1.420388669
-1.140016904
-1.144865901
-0.585369141
-1.845101672
1.188744009
-0.93812692
1.675024992
-0.407144763
0.69635351
-0.013866885
-0.013454503
0.928134411
2.61876055
0.118812005
0.217573636
1.016280991
-1.595612442
0.001877217
0.238455632
-0.194934134
-0.538988531
-1.976395209
0.170864805
-1.360539609
