0
0.099998333
0.199986667
0.299955002
0.399893342
0.499791693
0.599640065
0.699428473
0.79914694
0.898785492
0.998334166
1.097783008
1.197122073
1.296341426
1.395431146
1.494381325
1.593182066
1.691823491
1.790295734
1.88858895
1.986693308
2.084598998
2.182296231
2.279775235
2.377026264
2.474039593
2.570805519
2.667314367
2.763556486
2.859522251
2.955202067
3.050586364
3.145665606
3.240430284
3.334870921
3.428978075
3.522742333
3.61615432
3.709204694
3.801884151
3.894183423
3.98609328
4.077604531
4.168708024
4.259394651
4.349655341
4.43948107
4.528862854
4.617791755
4.706258882
4.794255386
4.881772469
4.968801378
5.055333412
5.141359917
5.226872289
5.311861979
5.396320487
5.480239368
5.563610229
5.646424734
5.728674601
5.810351605
5.891447579
5.971954414
6.051864057
6.13116852
6.20985987
6.28793024
6.365371822
6.442176872
6.51833771
6.59384672
6.66869635
6.742879116
6.8163876
6.889214451
6.961352386
7.032794192
7.103532724
7.173560909
7.242871744
7.311458297
7.379313711
7.4464312
7.512804051
7.578425629
7.64328937
7.707388789
7.770717475
7.833269096
7.895037397
7.9560162
8.016199409
8.075581004
8.134155048
8.191915683
8.248857133
8.304973705
8.360259786
8.414709848
8.468318446
8.521080219
8.572989892
8.624042272
8.674232256
8.723554823
8.772005043
8.819578069
8.866269144
8.912073601
8.956986857
9.001004422
9.044121894
9.086334961
9.127639403
9.168031088
9.207505977
9.246060124
9.283689672
9.32039086
9.356160016
9.390993563
9.424888019
9.457839994
9.489846194
9.520903416
9.551008556
9.580158603
9.608350642
9.635581854
9.661849516
9.687151001
9.711483779
9.734845417
9.757233578
9.778646024
9.799080614
9.818535304
9.837008148
9.8544973
9.87100101
9.886517629
9.901045603
9.914583482
9.92712991
9.938683634
9.949243498
9.958808445
9.96737752
9.974949866
9.981524725
9.98710144
9.991679453
9.995258306
9.997837642
9.999417202
9.999996829
9.999576465
9.998156151
9.99573603
9.992316344
9.987897435
9.982479744
9.976063813
9.968650285
9.960239899
9.950833498
9.940432022
9.929036511
9.916648105
9.903268042
9.88889766
9.873538397
9.857191788
9.839859469
9.821543171
9.802244728
9.781966068
9.76070922
9.738476309
9.715269558
9.691091289
9.665943918
9.639829962
9.61275203
9.584712831
9.555715169
9.525761943
9.494856149
9.463000877
9.430199313
9.396454737
9.361770523
9.32615014
9.28959715
9.252115208
9.213708062
9.174379553
9.134133613
9.092974268
9.050905633
9.007931915
8.964057412
8.91928651
8.873623686
8.827073508
8.77964063
8.731329795
8.682145834
8.632093666
8.581178296
8.529404816
8.476778401
8.423304316
8.368987908
8.313834608
8.257849931
8.201039476
8.143408924
8.084964038
8.025710662
7.965654722
7.904802223
7.843159251
7.780731969
7.71752662
7.653549525
7.588807082
7.523305764
7.457052122
7.390052781
7.32231444
7.253843875
7.184647931
7.114733528
7.044107658
6.972777383
6.900749836
6.828032219
6.754631806
6.680555934
6.605812013
6.530407516
6.454349983
6.377647021
6.3003063
6.222335553
6.143742578
6.064535234
5.984721441
5.904309181
5.823306495
5.741721484
5.659562304
5.576837174
5.493554364
5.409722204
5.325349076
5.240443417
5.155013718
5.069068522
4.982616424
4.895666068
4.80822615
4.720305413
4.631912649
4.543056698
4.453746445
4.363990822
4.273798802
4.183179407
4.092141697
4.000694776
3.908847789
3.816609921
3.723990394
3.630998472
3.537643453
3.443934673
3.349881502
3.255493345
3.160779642
3.065749864
2.970413513
2.874780123
2.778859258
2.682660509
2.586193497
2.489467867
2.392493292
2.29527947
2.197836122
2.100172993
2.002299847
1.904226474
1.805962679
1.70751829
1.60890315
1.510127121
1.411200081
1.312131922
1.21293255
1.113611887
1.014179863
0.914646422
0.815021518
0.715315111
0.615537174
0.515697684
0.415806624
0.315873984
0.215909757
0.115923939
0.015926529
-0.084072474
-0.184063069
-0.284035259
-0.383979045
-0.483884434
-0.583741434
-0.683540061
-0.783270335
-0.882922282
-0.982485937
-1.081951345
-1.181308559
-1.280547643
-1.379658673
-1.478631738
-1.577456941
-1.6761244
-1.774624248
-1.872946635
-1.971081729
-2.069019717
-2.166750804
-2.264265218
-2.361553207
-2.458605043
-2.55541102
-2.651961459
-2.748246703
-2.844257125
-2.939983124
-3.035415127
-3.130543591
-3.225359003
-3.319851882
-3.414012779
-3.507832277
-3.601300995
-3.694409585
-3.787148738
-3.879509179
-3.971481673
-4.063057021
-4.154226068
-4.244979695
-4.335308828
-4.425204433
-4.514657522
-4.603659148
-4.692200413
-4.780272461
-4.867866487
-4.954973729
-5.041585479
-5.127693074
-5.213287904
-5.298361409
-5.382905083
-5.466910471
-5.550369172
-5.633272841
-5.715613187
-5.797381977
-5.878571034
-5.959172238
-6.03917753
-6.118578909
-6.197368436
-6.275538231
-6.353080477
-6.429987421
-6.506251371
-6.581864701
-6.65681985
-6.731109323
-6.804725691
-6.877661592
-6.949909732
-7.021462887
-7.092313902
-7.162455691
-7.231881241
-7.300583608
-7.368555924
-7.435791389
-7.502283282
-7.568024953
-7.633009828
-7.697231408
-7.760683271
-7.823359072
-7.885252544
-7.946357498
-8.006667822
-8.066177486
-8.124880539
-8.182771111
-8.239843412
-8.296091736
-8.351510458
-8.406094036
-8.459837011
-8.512734009
-8.564779742
-8.615969003
-8.666296675
-8.715757724
-8.764347205
-8.812060258
-8.858892113
-8.904838086
-8.949893582
-8.994054097
-9.037315214
-9.079672606
-9.121122039
-9.161659367
-9.201280538
-9.239981587
-9.277758646
-9.314607938
-9.350525776
-9.385508569
-9.419552819
-9.452655122
-9.484812167
-9.516020739
-9.546277717
-9.575580074
-9.603924882
-9.631309306
-9.657730606
-9.683186142
-9.707673367
-9.731189832
-9.753733187
-9.775301177
-9.795891644
-9.815502531
-9.834131875
-9.851777815
-9.868438585
-9.884112519
-9.898798051
-9.912493711
-9.925198129
-9.936910036
-9.947628261
-9.957351731
-9.966079474
-9.973810617
-9.980544388
-9.986280112
-9.991017217
-9.994755228
-9.997493772
-9.999232576
-9.999971464
-9.999710363
-9.9984493
-9.9961884
-9.99292789
-9.988668095
-9.983409442
-9.977152456
-9.969897763
-9.961646088
-9.952398258
-9.942155195
-9.930917926
-9.918687573
-9.90546536
-9.891252608
-9.876050739
-9.859861274
-9.84268583
-9.824526126
-9.805383978
-9.785261299
-9.764160103
-9.742082499
-9.719030694
-9.695006995
-9.670013802
-9.644053617
-9.617129034
-9.589242747
-9.560397543
-9.530596307
-9.49984202
-9.468137756
-9.435486686
-9.401892076
-9.367357284
-9.331885765
-9.295481064
-9.258146823
-9.219886775
-9.180704747
-9.140604655
-9.099590511
-9.057666415
-9.01483656
-8.971105228
-8.926476794
-8.88095572
-8.834546557
-8.787253947
-8.739082619
-8.69003739
-8.640123165
-8.589344934
-8.537707776
-8.485216855
-8.431877419
-8.377694802
-8.322674422
-8.266821782
-8.210142467
-8.152642144
-8.094326564
-8.035201559
-7.975273039
-7.914546999
-7.853029511
-7.790726726
-7.727644876
-7.663790267
-7.599169285
-7.533788393
-7.467654129
-7.400773105
-7.33315201
-7.264797606
-7.195716728
-7.125916285
-7.055403256
-6.984184692
-6.912267716
-6.839659519
-6.766367361
-6.692398573
-6.61776055
-6.542460757
-6.466506723
-6.389906043
-6.312666379
-6.234795453
-6.156301053
-6.077191027
-5.997473288
-5.917155806
-5.836246614
-5.754753802
-5.672685519
-5.590049973
-5.506855426
-5.423110198
-5.338822664
-5.254001252
-5.168654444
-5.082790775
-4.996418831
-4.90954725
-4.822184717
-4.734339971
-4.646021794
-4.557239019
-4.468000524
-4.378315233
-4.288192113
-4.197640178
-4.106668483
-4.015286124
-3.92350224
-3.831326009
-3.738766648
-3.645833414
-3.5525356
-3.458882535
-3.364883585
-3.270548149
-3.175885661
-3.080905587
-2.985617425
-2.890030704
-2.794154982
-2.697999847
-2.601574914
-2.504889826
-2.407954251
-2.310777883
-2.213370439
-2.115741659
-2.017901308
-1.919859167
-1.821625043
-1.723208757
-1.624620152
-1.525869086
-1.426965435
-1.327919089
-1.228739951
-1.129437941
-1.030022987
-0.930505033
-0.830894028
-0.731199935
-0.631432722
-0.531602367
-0.431718852
-0.331792165
-0.2318323
-0.131849251
-0.031853018
